version: 1
creator: callgrind-3.10.1
pid: 4582
cmd:  ./hpc_NO.exe
part: 1


desc: I1 cache: 
desc: D1 cache: 
desc: LL cache: 

desc: Timerange: Basic block 0 - 2942231537
desc: Trigger: Program termination

positions: line
events: Ir
summary: 28179488549


ob=(2) ???
fl=(14) ???
fn=(266) 0x0000000000400960
0 6

fn=(726) 0x0000000004a257e8
0 3

fn=(208) 0x0000000004a25560
0 6

fn=(700) 0x000000000040e854
0 3

ob=(1) /lib/x86_64-linux-gnu/ld-2.19.so
fl=(7) /build/eglibc-SvCtMH/eglibc-2.19/elf/../elf/dl-sysdep.c
fn=(12) _dl_sysdep_start
86 7
+25 1
-1 1
+1 1
-25 1
+25 156
+6 1
-3 1
+1 1
-4 1
+3 1
+3 4
+1 6
-1 3
-29 1
-1 2
+31 105
-1 82
fi=(19) /build/eglibc-SvCtMH/eglibc-2.19/elf/../sysdeps/unix/sysv/linux/dl-sysdep.c
-82 2
cfi=(8) /build/eglibc-SvCtMH/eglibc-2.19/elf/../sysdeps/unix/sysv/linux/x86_64/brk.c
cfn=(14) brk
calls=1 -4 
* 12
fi=(5) /build/eglibc-SvCtMH/eglibc-2.19/elf/../sysdeps/x86_64/dl-machine.h
200 5
fe=(7)
+34 2
cfi=(10) /build/eglibc-SvCtMH/eglibc-2.19/elf/../misc/sbrk.c
cfn=(20) sbrk
calls=1 34 
* 17
* 3
+12 3
+3 6
cfi=(2) /build/eglibc-SvCtMH/eglibc-2.19/elf/rtld.c
cfn=(22) dl_main
calls=1 939 
* 101910
+1 1
+1 8
151 1
+1 1
+27 1
+1 1
-17 1
+1 1
-7 1
+1 1
-4 1
+1 1
-25 1
+1 1
-4 1
+1 1
-7 1
+1 1
+2 1
+1 1
232 1
cfi=(9) /build/eglibc-SvCtMH/eglibc-2.19/string/../sysdeps/x86_64/multiarch/../rtld-strlen.S
cfn=(18) strlen
calls=1 26 
* 35
* 2

fn=(196) _dl_sysdep_start_cleanup
256 1

fl=(36) /build/eglibc-SvCtMH/eglibc-2.19/elf/dl-cache.c
fn=(132) _dl_load_cache_lookup
182 8
+8 2
+3 3
+51 3
+9 1
+6 2
-6 3
+6 1
cfi=(23) /build/eglibc-SvCtMH/eglibc-2.19/io/../sysdeps/unix/syscall-template.S
cfn=(64) access
calls=1 81 
* 9
* 1
+4 1
-10 1
+10 3
+15 160
cfn=(136) _dl_cache_libcmp
calls=10 138 
* 723
* 53
-82 4
cfi=(32) /build/eglibc-SvCtMH/eglibc-2.19/elf/dl-misc.c
cfn=(134) _dl_sysdep_read_whole_file
calls=1 45 
* 67
+8 1
-8 1
+8 4
+1 4
cfi=(12) /build/eglibc-SvCtMH/eglibc-2.19/string/../string/memcmp.c
cfn=(26) bcmp
calls=1 315 
* 112
* 2
+7 1
-3 1
+3 3
+3 1
+1 2
-1 1
+1 1
+1 3
cfi=(12)
cfn=(26)
calls=1 +98 
* 113
* 2
+2 2
+59 24
cfn=(136)
calls=1 138 
* 72
* 3
cfn=(136)
calls=1 138 
* 145
* 6
-14 4
+14 1
-14 2
-1 3
+15 32
+16 2
+5 9
-21 3

fn=(136)
138 36
+1 28
+2 126
+2 63
-2 63
+2 4
+6 2
+2 2
-1 2
-1 2
+1 2
-1 2
+2 6
+2 10
+2 4
+6 122
+2 224
+4 51
+1 51
-29 102
+32 4
+1 4
-8 10
+8 20

fn=(198) _dl_unload_cache
309 4
-1 1
+3 2
cfi=(25) /build/eglibc-SvCtMH/eglibc-2.19/misc/../sysdeps/unix/syscall-template.S
cfn=(200) munmap
calls=1 81 
* 5
+1 1
+2 2

fl=(40) /build/eglibc-SvCtMH/eglibc-2.19/elf/dl-reloc.c
fn=(160) _dl_relocate_object
154 40
+15 4
-15 8
+15 4
+1 16
+6 8
+6 12
-18 8
+22 8
+7 8
-32 4
+77 4
fi=(5)
71 4
fe=(40)
238 8
fi=(5)
71 12
fe=(40)
264 180
-99 15
fi=(5)
276 24
fe=(40)
-12 3
fi=(4) /build/eglibc-SvCtMH/eglibc-2.19/elf/do-rel.h
48 3
fe=(40)
264 3
fi=(4)
58 3
fe=(40)
264 3
fi=(4)
47 6
+11 6
fe=(40)
264 1
-99 5
fi=(5)
276 8
fe=(40)
-12 1
fi=(4)
48 1
fe=(40)
264 1
fi=(4)
58 1
fe=(40)
264 1
fi=(4)
47 2
+11 2
fe=(40)
264 4
fi=(4)
48 4
fe=(40)
264 4
fi=(4)
58 4
fe=(40)
264 4
fi=(4)
47 8
+11 8
+3 12
fi=(5)
503 66
+4 66
+2 99
+1 33
fi=(4)
61 111
+2 114
+2 17
-4 3
+13 6
+1 5
+1 10
fi=(5)
503 5
+24 5
fi=(4)
75 5
fi=(5)
527 5
+2 5
cob=(3) /lib/x86_64-linux-gnu/libc-2.19.so
cfi=(47) /build/eglibc-SvCtMH/eglibc-2.19/string/../sysdeps/x86_64/multiarch/memmove.c
cfn=(188) memcpy@GLIBC_2.2.5
calls=1 49 
* 13
cob=(3)
cfi=(46) /build/eglibc-SvCtMH/eglibc-2.19/time/../sysdeps/unix/sysv/linux/x86_64/gettimeofday.c
cfn=(184) gettimeofday
calls=1 31 
* 68
cob=(3)
cfi=(41) /build/eglibc-SvCtMH/eglibc-2.19/string/../sysdeps/x86_64/multiarch/strcmp.S
cfn=(182) strncasecmp
calls=1 140 
* 6
cob=(3)
cfi=(43) /build/eglibc-SvCtMH/eglibc-2.19/time/../sysdeps/unix/sysv/linux/x86_64/time.c
cfn=(176) time
calls=1 37 
* 68
cob=(3)
cfi=(41)
cfn=(172) strcasecmp
calls=1 114 
* 100
fi=(4)
75 5
fi=(5)
530 5
fi=(4)
75 7
fe=(40)
264 3
fi=(4)
75 7
fe=(40)
264 21
+3 12
+28 4
+3 8
+17 12
+2 32
fi=(4)
84 5
+2 10
+12 5
-15 5
+15 5
-15 5
+15 5
+10 6
+3 8
fi=(5)
487 2
fi=(4)
112 4
fi=(5)
487 1196
fi=(4)
112 2384
fi=(5)
487 2384
+5 2388
+1 2388
fi=(4)
111 2388
fi=(5)
493 1194
fi=(4)
111 1194
+7 15
+3 4
+3 4
-3 4
+3 4
fi=(5)
422 3
fi=(4)
50 3
fi=(5)
422 3
fi=(4)
51 3
fi=(5)
422 12
fi=(4)
127 392
+9 196
+3 196
fi=(5)
244 98
fi=(4)
138 98
-2 98
+1 392
fi=(5)
244 98
+21 196
+4 196
+7 1871
fi=(4)
137 78
+1 78
fi=(5)
276 156
fi=(4)
137 78
fi=(5)
276 258
fi=(4)
137 6
+1 6
fi=(5)
276 12
fi=(4)
137 6
fi=(5)
276 1110
cfi=(6) /build/eglibc-SvCtMH/eglibc-2.19/elf/dl-lookup.c
cfn=(166) _dl_lookup_symbol_x
calls=84 714 
* 49462
* 420
+2 261
+3 96
-3 192
+3 288
+6 686
fe=(40)
183 8
+81 5
fi=(5)
77 6
+4 9
+14 3
-8 3
+8 6
+13 6
+3 12
410 255
fi=(4)
124 306
+19 6
fi=(5)
276 33
382 30
+4 50
+5 50
-71 2
+1 3
449 6
+4 12
cfi=(16) /build/eglibc-SvCtMH/eglibc-2.19/string/../sysdeps/x86_64/multiarch/../memcpy.S
cfn=(42) memcpy
calls=2 61 
* 36
+2 6
+1 2
fi=(4)
108 3
fe=(40)
323 8
+1 4
+1 4
-1 4
-1 8
+2 4
+3 8
+1 12
cfi=(25)
cfn=(116) mprotect
calls=4 81 
* 20
* 8
fi=(4)
160 8
+2 20
+8 10
+1 5
-1 5
+1 5
fi=(5)
+73 5
fi=(4)
-74 10
fi=(5)
+74 5
+21 10
+4 10
+7 135
cfi=(6)
cfn=(166)
calls=5 714 
* 2504
* 20
+2 15
+3 1
-3 2
+3 3
+6 35
410 15
fi=(4)
160 15
+14 5
fi=(5)
276 86
fe=(40)

fl=(17) /build/eglibc-SvCtMH/eglibc-2.19/string/../sysdeps/x86_64/multiarch/../strcmp.S
fn=(50) strcmp
131 282
+1 282
+1 282
+1 157
+1 157
+1 157
+1 157
cfn=(51) strcmp'2
calls=157 -6 
* 11331
+5 125
+1 125
+1 125
+1 125

fn=(51)
131 1577
+1 1577
+1 1577
+1 1566
+1 1566
+1 1566
+1 1566
cfn=(51)
calls=1420 -6 
* 60296
+2 146
+1 146
+2 11
+1 11
+1 11
+1 11

fl=(25)
fn=(200)
81 4
+1 1

fn=(68) mmap
81 45
+1 9

fn=(116)
81 24
+1 6

fl=(32)
fn=(102) _dl_name_match_p
288 330
+1 132
cfi=(17)
cfn=(50)
calls=66 131 
* 469
* 66
+1 66
-1 66
+3 66
+2 132
+4 67
-4 134
+1 210
cfi=(17)
cfn=(50)
calls=70 131 
* 902
* 140
-5 3
+11 78
-1 63
+1 252

fn=(134)
45 1
+7 1
-7 3
+7 1
-7 1
+1 1
-1 2
+7 1
cfi=(23)
cfn=(106) open
calls=1 +29 
* 5
+1 1
-1 1
+1 1
+2 4
cfi=(33) /build/eglibc-SvCtMH/eglibc-2.19/io/../sysdeps/unix/sysv/linux/wordsize-64/fxstat.c
cfn=(114) _fxstat
calls=1 -21 
* 10
* 2
+2 1
+3 1
-3 1
+3 1
+13 2
cfi=(23)
cfn=(120) close
calls=1 +8 
* 5
+3 7
-14 6
cfi=(25)
cfn=(68)
calls=1 +19 
* 6
* 2

fl=(13) /build/eglibc-SvCtMH/eglibc-2.19/elf/dl-object.c
fn=(44) _dl_add_to_namespace_list
32 6
+2 3
-2 9
+2 3
cfi=(2)
cfn=(46) rtld_lock_default_lock_recursive
calls=3 853 
* 6
+2 22
+4 3
-1 15
+2 2
+2 2
+4 2
+4 2
-4 4
+1 4
+1 4
+2 2
+1 6
-1 2
cfi=(2)
cfn=(48) rtld_lock_default_unlock_recursive
calls=2 859 
* 4
-4 1
+4 1
-4 2
+1 2
+1 2
+2 1
+1 3
-1 1
cfi=(2)
cfn=(48)
calls=1 859 
* 2
-5 2

fn=(28) _dl_new_object
61 42
+1 3
cfi=(9)
cfn=(18)
calls=3 -36 
* 154
+6 3
-6 12
+6 33
+7 12
cfi=(15) /build/eglibc-SvCtMH/eglibc-2.19/elf/dl-minimal.c
cfn=(32) calloc
calls=3 +27 
* 134
* 3
+3 3
-3 3
+3 3
+4 3
+5 6
-6 3
+6 3
-5 3
+4 6
+1 3
cfi=(16)
cfn=(42)
calls=3 -26 
* 88
* 3
+10 6
-8 3
+9 3
-1 6
+1 6
-1 3
+1 6
+3 3
-3 3
+3 3
+9 3
-7 3
+4 3
+3 8
+2 2
-2 2
+2 30
-2 30
+12 3
+6 3
-5 3
-1 3
+6 9
-2 3
+2 6
+2 6
+3 7
+4 6
+4 6
+2 1
+6 1
+3 2
+3 5
-3 4
+3 10
+2 2
+4 2
-4 2
cfi=(9)
cfn=(18)
calls=2 26 
* 144
* 4
+4 2
-4 2
+4 6
+64 4
+4 24
-88 6
-39 7
+39 3
+70 6
cfi=(24) /build/eglibc-SvCtMH/eglibc-2.19/string/../sysdeps/x86_64/memcpy.S
cfn=(66) mempcpy
calls=2 61 
* 71
* 2
+5 40
+1 40
-1 40
+1 42
-1 2
+1 6
+5 4
-57 4
cfi=(15)
cfn=(36) malloc
calls=2 -72 
* 68
* 2
+1 2
-1 2
+1 6

fl=(139) /build/eglibc-SvCtMH/eglibc-2.19/elf/dl-fini.c
fn=(688) _dl_sort_fini
32 9
+2 1
-2 4
+2 1
+6 1
-1 2
+2 1
-1 1
-1 2
+1 4
+1 1
cfi=(26) /build/eglibc-SvCtMH/eglibc-2.19/string/../sysdeps/x86_64/rtld-memset.S
cfn=(70) memset
calls=1 -11 
* 14
* 1
+15 8
+62 5
+3 18
cfi=(26)
cfn=(70)
calls=2 -91 
* 18
* 8
-75 4
-1 6
+1 2
+4 6
+71 1
-75 2
-1 3
+1 1
+4 9
+6 3
+1 3
-1 3
+1 5
+2 8
+1 4
-1 4
+1 4
+3 6
-1 9
+31 9
+21 3
-57 6
+61 11
+7 8

fn=(686) _dl_fini
131 3
+12 1
-12 5
+19 1
-6 1
+9 10
+3 2
cfi=(2)
cfn=(46)
calls=1 853 
* 2
+3 2
+3 2
+2 6
+7 1
+4 1
-4 1
+4 3
+2 2
+3 9
+3 2
+10 8
+2 8
+2 4
+2 4
-2 8
+6 4
-5 4
-7 12
+14 2
+5 6
cfn=(688)
calls=1 32 
* 219
+9 2
cfi=(2)
cfn=(48)
calls=1 859 
* 2
+4 4
+2 1
+2 3
-2 3
+2 9
+3 8
+3 12
+4 4
+7 4
+4 2
+1 2
-1 2
+2 4
+1 6
+1 4
cob=(4) /usr/lib/valgrind/vgpreload_core-amd64-linux.so
cfi=(50) ???
cfn=(702) 0x0000000000000630
calls=1 0 
* 769
cob=(5) /nfs/home/sasl/eleves/ei-se/3201795/EISE5/HPC/hpc/hpc_NO.exe
cfi=(60) ???
cfn=(690) 0x0000000000400bf0
calls=1 0 
* 16
-1 6
+5 6
+1 6
cob=(2)
cfi=(14)
cfn=(726)
calls=1 0 
* 3
cob=(2)
cfi=(14)
cfn=(700)
calls=1 0 
* 3
+5 24
+16 8
-55 9
-70 2
283 6
-49 4
+55 2
+7 8

fl=(30) /build/eglibc-SvCtMH/eglibc-2.19/elf/dl-error.c
fn=(140) _dl_receive_error
205 10
+1 1
cfi=(2)
cfn=(94) _dl_initial_error_catch_tsd
calls=1 813 
* 2
+5 1
-1 1
-4 1
+9 1
+2 1
-3 1
+3 1
cfi=(2)
cfn=(142) version_check_doit
calls=1 672 
* 3299
+2 1
+1 1
+1 8

fn=(92) _dl_catch_error
163 6
+15 3
-3 6
+1 6
-13 6
+14 6
+1 3
+2 3
cfi=(2)
cfn=(94)
calls=3 813 
* 6
+2 3
-1 3
+4 3
-5 3
+2 3
+3 3
-4 3
+4 3
cfi=(31) /build/eglibc-SvCtMH/eglibc-2.19/setjmp/../sysdeps/x86_64/setjmp.S
cfn=(96) __sigsetjmp
calls=3 26 
* 57
* 9
+2 9
cfi=(34) /build/eglibc-SvCtMH/eglibc-2.19/elf/dl-deps.c
cfn=(124) openaux
calls=2 60 
* 8625
cfi=(2)
cfn=(98) map_doit
calls=1 640 
* 2458
+1 6
+2 3
+1 3
-3 3
+1 6
+1 3
+1 3
+8 12

fl=(20) /build/eglibc-SvCtMH/eglibc-2.19/posix/../sysdeps/unix/syscall-template.S
fn=(58) uname
81 4
+1 1

fl=(19)
fn=(56) _dl_discover_osversion
45 7
+2 3
+85 8
-45 3
cfi=(20)
cfn=(58)
calls=1 -6 
* 5
* 1
+15 1
-15 1
+20 1
-1 1
+3 12
+4 3
-2 6
+2 10
+2 1
+1 2
-3 4
+7 3
-1 3
+4 3
-2 3
+2 10
+5 2

fl=(11) /build/eglibc-SvCtMH/eglibc-2.19/elf/dl-environ.c
fn=(24) _dl_next_ld_env_entry
30 3
+3 11
+2 98
+11 47
-13 141
-2 1
+19 1
-14 16
+5 2
-3 2
+3 2
+2 2

fl=(35) /build/eglibc-SvCtMH/eglibc-2.19/io/../sysdeps/unix/sysv/linux/wordsize-64/xstat.c
fn=(130) _xstat
34 12
-1 12
+1 12
+1 72
+4 3
-4 36

fl=(75) /build/eglibc-SvCtMH/eglibc-2.19/elf/dl-open.c
fn=(308) _dl_find_dso_for_object
182 5
+1 4
+1 12
+1 2
+3 2
+4 1
-9 6

fl=(15)
fn=(32)
102 8
+7 24
-3 8
+3 16
+4 8
cfn=(36)
calls=8 -20 
* 277
* 8

fn=(36)
93 25
+1 50
cfn=(40) __libc_memalign
calls=25 -43 
* 797
* 25

fn=(76) strsep
338 8
+2 4
+1 8
+4 151
+7 396
-2 268
+4 4
+6 66
-15 199
+18 1
+4 1
-4 2
+4 3
-11 4
+1 2

fn=(82) free
121 3
-2 6
+2 3
+7 6

fn=(40)
51 104
+1 128
+11 25
+1 25
-1 25
+3 25
-3 25
+3 50
-3 1
+1 1
-1 1
+3 1
-3 1
+3 94
+4 12
+1 9
+6 21
cfi=(25)
cfn=(68)
calls=3 +4 
* 18
+2 15
+4 9
+3 3
+1 3
+2 15
-3 23
+1 23
+2 184
-31 3
+1 1
-2 3

fl=(26)
fn=(70)
30 13
+1 13
+1 13
+1 2161
+1 13
+1 13

fl=(12)
fn=(26)
315 12
+3 12
-3 60
+4 12
-4 12
+7 24
+4 12
+2 1
+1 1
+1 1
+1 1
+2 2
-5 2
+1 2
+1 2
+1 2
+2 4
+2 3
-9 9
+16 4
+1 8
-1 8
129 14
-18 6
346 4
+4 2
+2 2
-2 4
+1 2
+5 20
+2 9
+1 9
+1 9
+3 95
-3 53
-2 53
+1 53
+4 106
-7 122
+12 9
+1 96
228 2
-7 2
+1 2
+4 2
+2 2
-6 2
+4 2
+2 10
-95 2
+1 2
+1 2
+1 2
+1 2
+48 2
-2 2
+1 2
+1 14
-80 2
+1 4
+4 4
-5 8
+1 16
+4 18
234 2
+2 2
-4 2
+1 2
+4 2
-2 2
+56 4
-2 2
+2 4
-1 2
+1 4
+1 4
+12 12
+1 4
-6 4

fl=(34)
fn=(122) _dl_map_object_deps
147 1
+1 1
-1 2
+1 1
-1 1
+1 1
-1 1
+1 2
-1 5
+1 1
-1 1
+1 2
+14 1
-2 1
+1 1
-13 1
+14 1
+6 3
+10 1
-10 1
+10 3
-14 1
-4 1
+2 1
+17 1
-17 1
-2 2
+2 1
-2 1
+2 1
-2 1
+1 1
+1 1
+6 3
+10 1
-10 1
+10 3
-16 3
+20 1
+21 1
+1 1
-22 2
+19 1
-12 1
+15 1
-16 1
+13 1
343 9
209 1
+8 1
-4 1
+4 1
-8 3
+8 3
-4 3
+4 3
+12 8
+2 2
+11 2
-5 2
-6 4
+5 2
+2 4
+1 4
+3 8
-32 2
+32 4
+50 4
+1 3
-51 192
+1 96
+6 10
cfi=(27) /build/eglibc-SvCtMH/eglibc-2.19/string/../sysdeps/x86_64/multiarch/../strchr.S
cfn=(72) index
calls=2 24 
* 70
* 4
+5 10
-3 2
+3 2
cfi=(30)
cfn=(92)
calls=2 -91 
* 8747
+2 6
+15 2
+2 4
+5 2
+6 2
-6 4
+3 2
+1 2
+1 2
+1 2
+4 10
-2 8
-57 8
-19 2
471 8
+2 6
+3 4
-1 2
cfi=(15)
cfn=(36)
calls=2 93 
* 89
* 2
+2 2
-2 2
+2 2
+3 2
+1 12
cfi=(16)
cfn=(42)
calls=2 61 
* 41
+1 10
cfi=(16)
cfn=(42)
calls=2 61 
* 41
+4 2
-1 2
+5 16
+3 9
-1 4
+1 8
202 1
497 6
+1 2
+3 5
+11 3
-1 1
cfi=(15)
cfn=(36)
calls=1 93 
* 34
* 1
+3 1
-3 1
+3 1
+5 7
+1 4
+2 9
+6 9
+4 3
-10 3
+10 3
-10 7
+6 3
+4 1
-10 1
+10 1
-10 3
+13 2
+51 6
+2 3
+42 2
+1 1
-1 6
+1 1
cfi=(26)
cfn=(70)
calls=1 30 
* 14
* 1
-2 10
+13 1
-6 1
-1 1
+1 1
+6 2
-13 6
+13 2
-6 2
-1 2
+1 2
+6 6
+2 8
+1 4
-1 4
+1 4
+3 6
-1 9
+23 3
-28 6
+31 9
+3 20
cfi=(26)
cfn=(70)
calls=2 30 
* 18
* 15
217 8
+1 17
+2 2
+2 6
+2 26
658 2
+25 2
+2 1
+1 1
-1 1
+2 3
+7 3
+3 2
+3 8
295 138
623 7
cfi=(16)
cfn=(42)
calls=1 61 
* 28
+2 1
-38 1
+38 2

fn=(124)
60 4
+7 2
-4 6
+1 2
-1 2
+1 2
-1 10
cfi=(21) /build/eglibc-SvCtMH/eglibc-2.19/elf/dl-load.c
cfn=(100) _dl_map_object
calls=2 2317 
* 8591
* 2
+5 4

fl=(1) ???
fn=(0) 0x0000000000001260
0 2
cfi=(2)
cfn=(2) _dl_start
calls=1 377 
0 103249
0 14
cfi=(49) /build/eglibc-SvCtMH/eglibc-2.19/elf/dl-init.c
cfn=(204) _dl_init
calls=1 86 
0 1504
0 3
cob=(5)
cfi=(60)
cfn=(244) 0x0000000000400b4b
calls=1 0 
0 28179383777

fl=(8)
fn=(14)
31 1
-3 1
+3 6
+8 1
-6 2
+7 1

fl=(10)
fn=(20)
34 4
+8 6
+4 2
+11 5

fl=(21)
fn=(60) _dl_init_paths
714 1
+13 2
-13 8
+13 3
cfi=(22) /build/eglibc-SvCtMH/eglibc-2.19/elf/dl-hwcaps.c
cfn=(62) _dl_important_hwcaps
calls=1 39 
* 351
+5 1
-5 1
+5 1
cfi=(15)
cfn=(36)
calls=1 93 
* 34
* 1
+1 1
-1 1
-1 1
+2 1
+8 1
-1 1
+1 4
-1 4
+5 2
cfi=(15)
cfn=(36)
calls=1 93 
* 55
* 1
+2 1
-3 1
+3 2
+29 1
-12 1
-10 1
+11 1
+3 2
+8 1
-12 1
+3 2
-14 1
+9 1
+5 3
+9 2
-7 27
cfi=(26)
cfn=(70)
calls=4 30 
* 88
+7 16
-12 3
+12 6
-14 3
+3 6
-1 3
+3 3
-5 3
+6 12
+4 3
-3 3
+3 6
-3 3
-7 6
+25 1
-11 1
+6 1
+1 1
+5 2
+2 4
+2 3
+38 4
+8 3
cfi=(27)
cfn=(72)
calls=1 24 
* 88
* 2
+2 2
cfi=(9)
cfn=(18)
calls=1 26 
* 135
* 8
cfi=(16)
cfn=(42)
calls=1 61 
* 104
* 1
+17 3
-1 2
+3 1
+1 3
+1 1
-4 3
+2 67
+1 201
+1 67
-4 202
+8 1
cfi=(15)
cfn=(36)
calls=1 93 
* 34
* 1
+1 1
-2 1
+2 1
+6 8
cfn=(74) fillin_rpath
calls=1 486 
* 2531
+4 3
+6 1
+4 8
-75 1
-2 1
+2 2
+14 2

fn=(128) open_verify.constprop.6
1871 130
+38 13
-38 13
+38 26
+21 52
cfi=(23)
cfn=(106)
calls=13 81 
* 113
+1 13
-1 13
+1 13
+10 1
+1 2
+5 6
cfi=(23)
cfn=(108) read
calls=1 81 
* 5
+2 2
+2 1
+2 1
-2 2
+2 1
+6 2
+16 5
cfi=(12)
cfn=(26)
calls=1 315 
* 88
* 2
+2 1
-2 2
+4 4
cfi=(12)
cfn=(26)
calls=1 315 
* 80
-4 2
+75 2
+5 2
+3 4
+5 2
+7 1
+1 1
-1 5
+1 3
+1 1
-2 1
+17 45
+2 17
+4 4
+1 2
+13 1
+1 1
+2 1
-3 1
+1 1
-1 1
+1 1
-2 1
+4 2
+5 1
+1 1
-13 4
cfi=(12)
cfn=(26)
calls=1 315 
* 73
* 4
cfi=(12)
cfn=(26)
calls=1 315 
* 80
* 4
+16 2
+6 1
-3 1
+1 1
+1 1
+1 2
+1 4
-4 1
+1 1
+1 1
-1 3
-1 1
+4 2
+5 12
+23 104

fn=(104) open_verify
1873 10
+36 1
-36 2
+36 2
+21 4
cfi=(23)
cfn=(106)
calls=1 81 
* 5
+1 1
-1 1
+1 1
+10 1
+1 2
+5 6
cfi=(23)
cfn=(108)
calls=1 81 
* 5
+2 2
+2 1
+2 1
-2 2
+2 1
+6 2
+16 5
cfi=(12)
cfn=(26)
calls=1 315 
* 88
* 2
+2 1
-2 2
+4 4
cfi=(12)
cfn=(26)
calls=1 315 
* 80
-4 2
+75 2
+5 2
+3 4
+5 2
+7 1
+1 1
-1 4
+1 3
+1 1
+15 61
+2 19
+4 4
+1 2
+13 1
+1 1
+2 1
-3 1
+1 1
-1 1
+1 1
-2 1
+4 2
-7 4
cfi=(12)
cfn=(26)
calls=1 315 
* 80
* 2
-97 3
2154 8

fn=(74)
486 8
+2 1
-2 9
+5 1
cfi=(15)
cfn=(76)
calls=1 338 
* 501
* 3
+4 4
cfn=(78) expand_dynamic_string_token
calls=1 -80 
* 218
* 8
cfn=(78)
calls=2 -80 
* 376
+2 3
-2 3
+2 3
cfi=(9)
cfn=(18)
calls=3 26 
* 159
+4 3
-4 3
+4 3
+7 18
+34 6
+4 9
+1 9
-1 3
+1 3
-2 3
cfi=(15)
cfn=(36)
calls=3 93 
* 102
* 3
+3 3
-3 3
+3 9
+5 3
+1 9
-2 3
+2 3
cfi=(24)
cfn=(66)
calls=3 61 
* 106
+3 3
-3 3
+3 3
-2 3
+2 3
+1 1
+5 4
+1 2
-1 8
+1 40
+1 30
+3 3
-1 6
+1 3
+7 3
+1 3
-1 3
+4 9
+2 6
cfi=(15)
cfn=(82)
calls=3 121 
* 18
* 3
* 6
-90 3
cfi=(15)
cfn=(76)
calls=3 338 
* 616
* 6
+94 1
+3 9
-65 63
+1 30
-16 6
+5 6
+3 15
+26 6
+31 6

fn=(100)
2317 24
+7 3
-7 6
+7 3
+1 6
+3 27
+12 12
-12 18
+5 21
+1 14
+2 21
cfi=(32)
cfn=(102)
calls=7 288 
* 492
* 15
2607 24
2362 4
+10 12
+26 4
-2 2
+2 2
cfi=(27)
cfn=(72)
calls=2 24 
* 46
* 4
2538 6
cfn=(78)
calls=1 415 
* 239
+1 1
-3 1
+4 1
-1 2
+4 6
cfn=(104)
calls=1 1873 
* 447
+3 1
-3 1
+3 1
+12 8
+2 4
+44 2
+1 16
-1 2
+1 6
cfn=(110) _dl_map_object_from_fd
calls=2 923 
* 4859
* 2
2402 2
cfi=(9)
cfn=(18)
calls=1 26 
* 63
* 1
+2 1
-2 1
+2 1
+7 4
+35 2
+1 15
cfn=(126) open_path
calls=1 2168 
* 2109
* 3
+6 6
691 1
2454 1
691 2
2530 2
-95 4
+21 2
+6 4
+2 3
+4 2
cfi=(36)
cfn=(132)
calls=1 182 
* 1605
+2 1
-2 1
+2 1
+4 3
+8 2
+22 9
cfn=(128)
calls=1 1871 
* 529
+3 3
161 3
cfi=(9)
cfn=(18)
calls=1 26 
* 79
* 1
+1 2
cfi=(15)
cfn=(36)
calls=1 -69 
* 34
* 1
+2 3
+3 4
cfi=(16)
cfn=(42)
calls=1 61 
* 71
2510 1
-1 1
+1 2
-74 7
691 1
2437 1
691 2
2415 1
+8 3
-7 3
-1 1
+8 8
-3 3
691 1
2421 1
691 2
2341 18
+3 2
+2 2
-1 4
+1 2
cfi=(17)
cfn=(50)
calls=2 131 
* 21
* 4

fn=(126)
2168 8
+1 1
-1 5
+7 1
-7 1
+1 1
+6 1
+5 2
-7 1
+7 1
-8 1
+8 3
+74 1
-74 1
+74 1
-22 2
-52 1
+52 3
-40 1
-9 1
+9 3
-9 2
+9 2
+7 12
cfi=(24)
cfn=(66)
calls=3 61 
* 106
+1 3
-1 3
+1 9
-13 6
+33 24
-20 9
+3 24
+4 96
cfi=(24)
cfn=(66)
calls=12 61 
* 255
* 48
cfi=(24)
cfn=(66)
calls=12 61 
* 276
* 12
+3 12
+3 24
+3 72
cfn=(128)
calls=12 1871 
* 468
* 12
+2 36
+7 24
+1 108
+6 24
+2 36
-2 12
+2 12
cfi=(35)
cfn=(130)
calls=12 34 
* 147
* 24
+1 3
+2 3
-2 3
+2 24
+7 6
-44 6
+37 18
+7 18
-44 21
+85 15
+7 3
-2 3
+2 9
+3 3
-13 1
+27 17
-72 18

fn=(110)
923 24
+11 2
-11 2
+11 2
-11 4
+11 2
cfi=(28) /build/eglibc-SvCtMH/eglibc-2.19/elf/dl-debug.c
cfn=(84) _dl_debug_initialize
calls=2 50 
* 16
+4 6
-4 2
+4 2
cfi=(33)
cfn=(114)
calls=2 34 
* 20
* 4
+11 14
+1 6
-1 15
+1 20
+17 4
+25 4
+10 4
+22 8
+32 4
935 2
1059 14
cfi=(13)
cfn=(28)
calls=2 61 
* 1021
+1 2
-1 2
+1 2
+11 4
+5 2
-5 2
+1 4
+1 2
+2 2
-2 2
+2 8
+1 6
+1 2
+24 4
+8 2
-8 18
+8 2
-8 2
+8 2
+89 2
-95 2
-1 2
+96 2
1092 2
1198 4
+8 10
-96 32
-1 136
+1 104
+6 4
+1 6
+1 2
+3 2
+1 1
+5 20
+6 8
+1 4
-1 16
+8 4
+2 8
-2 4
+1 4
+4 4
-5 8
+1 8
+1 4
+1 4
+3 4
+4 4
-9 4
+2 4
+1 4
+1 4
+1 4
+4 4
+1 6
+5 4
-16 2
+16 10
+10 2
-10 4
-16 2
+16 10
+10 2
+3 3
+5 1
-1 1
+3 1
-1 1
-1 1
+1 1
+3 3
+1 2
+3 2
+4 4
+6 1
cfi=(37) /build/eglibc-SvCtMH/eglibc-2.19/elf/dl-tls.c
cfn=(138) _dl_next_tls_modid
calls=1 50 
* 8
* 2
+1 1
+60 4
+1 6
+1 2
-6 4
+1 8
+8 6
+13 16
+2 4
+14 2
+5 12
cfi=(25)
cfn=(68)
calls=2 81 
* 12
+4 2
-4 2
+4 2
+7 2
+1 2
-1 2
+1 2
+2 2
-3 2
+1 2
+2 2
+10 2
+2 2
+33 12
+1 6
+2 8
+8 16
+6 2
+2 2
-2 2
+1 2
+2 2
-1 2
+1 2
-1 6
+8 4
+3 4
+11 14
cfi=(26)
cfn=(70)
calls=2 30 
* 1908
+1 10
+5 4
+15 4
-74 20
+2 8
+2 16
cfi=(25)
cfn=(68)
calls=2 81 
* 12
* 4
-30 2
-1 10
cfi=(25)
cfn=(116)
calls=2 81 
* 10
* 2
1072 2
1418 8
+9 4
fi=(3) /build/eglibc-SvCtMH/eglibc-2.19/elf/get-dynamic-info.h
38 2
fe=(21)
1427 2
fi=(3)
38 2
+6 2
-2 2
+2 4
+7 2
+5 2
+3 2
-1 2
-3 2
-3 36
+10 8
-18 24
+8 35
+10 35
-18 105
+18 2
-18 6
+2 90
+5 40
+2 8
+16 4
+20 7
+1 8
+1 8
+1 8
+2 8
+5 8
+1 7
+1 8
+6 6
+5 4
+7 4
+1 6
+16 6
+5 1
+2 1
-2 1
+2 1
+2 2
+2 2
+3 6
+10 1
-8 2
+9 2
-1 1
+5 2
+3 4
fe=(21)
1433 4
+16 6
+19 4
+2 10
+55 6
+1 2
+3 2
cfi=(23)
cfn=(120)
calls=1 81 
* 5
* 2
cfi=(23)
cfn=(120)
calls=1 81 
* 5
* 4
+8 10
+3 6
+2 2
-2 2
+2 2
+16 4
cfi=(6)
cfn=(10) _dl_setup_hash
calls=2 859 
* 50
+4 4
+1 4
+17 4
+1 1
+3 1
+5 1
-5 1
+1 2
+4 1
-5 1
+5 1
-5 1
+1 2
+4 1
+10 6
cfi=(13)
cfn=(44)
calls=2 32 
* 84
+4 8
+20 16
fi=(3)
56 8
+3 8
+1 2
+1 8
fe=(21)
1356 5
+2 1
-1 3
+1 2
-1 1
+1 2
-1 2
+3 4
+43 8
cfi=(25)
cfn=(68)
calls=1 81 
* 6
+3 2
1537 4
474 2

fn=(78)
415 32
+10 12
cfi=(27)
cfn=(72)
calls=4 24 
* 164
* 8
161 8
cfi=(9)
cfn=(18)
calls=4 26 
* 259
* 4
+1 8
cfi=(15)
cfn=(36)
calls=4 -69 
* 136
* 4
+2 8
+3 12
440 20
167 4
cfi=(16)
cfn=(42)
calls=4 61 
* 154

fl=(16)
fn=(42)
61 17
+2 17
+2 17
+3 16
+1 16
+2 5
+1 5
+2 5
+1 5
+5 5
+1 5
-1 11
+1 11
+2 6
+1 6
+2 6
+1 12
+5 6
+1 6
-1 10
+1 10
+2 5
+1 5
+2 5
+1 5
+5 5
+1 5
-1 11
+1 11
+2 10
+1 10
+2 10
+1 10
+5 10
+1 10
-1 6
+1 14
+5 8
+1 8
+1 8
+1 8
+2 8
+2 8
+1 8
+2 8
+8 16
+8 6
+6 6
+2 6
+1 6
+3 3
+1 6
+5 3
+1 3
+2 3
+2 3
+1 3
+2 3
-8 12
+1 12
+2 12
+2 12
+1 12
+2 15
+9 3
+1 3
-1 3
+1 3
+3 6
+1 6
+1 6
+5 5
+2 5
+1 5
+1 5
+1 5
+2 5
+1 5
+1 5
+1 5
+2 5
+1 5
+2 5
+22 6
+6 6
+1 6
+2 1

fl=(22)
fn=(62)
39 8
+3 1
-1 1
+1 1
+9 1
-12 3
+3 1
-3 1
+3 1
+9 2
+10 4
+31 2
+23 3
cfi=(23)
cfn=(64)
calls=1 -34 
* 9
* 2
-2 1
+17 6
+3 2
+29 2
+8 2
+2 4
+1 4
+4 2
+4 1
-3 1
-1 1
+4 1
+3 2
+4 5
+1 1
-1 7
+1 1
+18 12
+1 4
cfi=(15)
cfn=(36)
calls=1 93 
* 34
* 1
+1 1
-1 1
+1 3
+29 1
+3 1
-3 2
+3 1
+28 9
+1 2
-1 2
+1 6
-1 8
+5 6
+3 1
-3 1
+3 2
-3 1
+3 1
-3 2
+3 1
-3 1
+3 2
-3 1
+3 3
+1 12
+1 4
-1 4
+1 8
-2 4
+1 8
-1 14
+4 4
+3 1
+2 2
-1 1
-1 2
+2 10
+13 2
+1 1
-1 1
+3 2
-3 2
+1 1
-1 1
+3 2
+3 3
+3 1
-1 1
+1 7
145 2
-14 2
243 3
cfi=(24)
cfn=(66)
calls=1 61 
* 22
+1 2
-1 2
+1 1
cfi=(24)
cfn=(66)
calls=1 61 
* 22
* 4

fl=(38) /build/eglibc-SvCtMH/eglibc-2.19/elf/dl-version.c
fn=(144) _dl_check_all_versions
380 6
+4 4
-2 2
+4 28
cfn=(146) _dl_check_map_versions
calls=4 174 
* 3214
-2 4
+2 12
-1 4
-1 8
+5 7

fn=(146)
174 36
+15 4
-15 8
+15 8
+2 4
+3 4
-3 4
+2 4
+1 4
+2 4
-3 4
+3 4
+3 8
+4 12
+17 2
56 2
220 2
56 2
220 2
56 10
+1 5
-1 10
+2 21
cfi=(32)
cfn=(102)
calls=7 288 
* 510
* 16
228 6
+5 14
+19 5
-15 117
cfn=(148) match_symbol
calls=5 76 
* 882
* 6
cfn=(148)
calls=2 76 
* 306
* 7
+7 28
+3 23
+9 8
-73 2
-8 2
+95 12
+3 6
+10 26
-7 104
+3 78
-3 8
+3 6
+8 4
+86 4
-86 4
+87 8
-81 12
cfi=(15)
cfn=(32)
calls=3 102 
* 129
* 3
+1 3
-2 3
+2 3
+11 3
-3 3
+3 6
+2 9
+3 8
+4 6
+18 5
-15 15
+2 15
-2 6
+2 6
+2 7
+1 7
-1 14
+1 7
-1 7
+1 7
+1 7
-2 7
+2 14
+1 21
+3 21
+8 6
+10 9
+3 8
+20 26
-14 26
-2 26
+2 28
-2 2
+2 2
+4 26
+2 26
-1 52
+1 26
-1 78
+1 26
+1 26
+3 84
+10 3
-1 3
+1 21

fn=(148)
76 77
+9 7
-8 7
-1 14
+1 7
+8 7
+6 21
+15 7
+1 14
+2 7
+5 14
+14 94
+12 120
+4 40
-30 80
+16 7
+3 28
cfi=(17)
cfn=(50)
calls=7 -2 
* 567
* 14
+35 56

fl=(49)
fn=(206) call_init.part.0
34 32
+8 4
-8 4
+11 4
-3 8
+3 12
+5 9
+5 4
+8 4
+1 12
cob=(3)
cfi=(51) /build/eglibc-SvCtMH/eglibc-2.19/csu/../csu/init-first.c
cfn=(220) _init
calls=1 -12 
* 181
cob=(2)
cfi=(14)
cfn=(208)
calls=1 -64 
* 6
+3 2
+1 4
+6 2
+2 4
-2 4
+3 10
+1 8
cob=(3)
cfi=(57) /build/eglibc-SvCtMH/eglibc-2.19/string/../sysdeps/x86_64/multiarch/../cacheinfo.c
cfn=(232) init_cacheinfo
calls=1 550 
* 1045
cob=(4)
cfi=(50)
cfn=(212) 0x0000000000000670
calls=1 -78 
* 16
* 4
cob=(3)
cfi=(59) /build/eglibc-SvCtMH/eglibc-2.19/elf/dl-altinit.c
cfn=(240) dlinit_alt
calls=1 -45 
* 4
* 3
-1 6
+3 18
-29 2
+29 6
-34 3

fn=(204)
86 11
+1 1
+1 1
+3 3
+7 4
+27 15
+1 12
-90 20
cfn=(206)
calls=3 -2 
* 1344
* 3
+96 8
-96 3
cfn=(206)
calls=1 -2 
* 77
+58 2

fl=(6)
fn=(170) check_match.9481
131 728
+1 208
+2 208
+2 312
-2 208
+12 312
+3 344
cfi=(17)
cfn=(50)
calls=34 -18 
* 2504
* 68
+5 104
-1 104
+1 104
-1 104
+1 104
+2 204
+19 204
+1 816
+46 728
-18 4
+2 4
+1 6
-1 4
+1 2
-1 4
-29 306
cfi=(17)
cfn=(50)
calls=102 -46 
* 8835
* 204

fn=(166)
714 1320
476 110
714 220
476 330
-1 220
+2 110
-1 110
+1 330
-1 330
+1 1280
-1 1280
+1 3840
-1 4060
716 110
+4 110
+4 110
-8 110
+1 220
+7 314
+5 110
+2 220
-2 110
+6 880
+2 1430
cfn=(168) do_lookup_x
calls=110 82 
* 45554
+3 220
+3 6
-8 24
-7 220
+38 220
+22 104
+1 728
+26 104
+9 520
+14 312
+3 416
+5 104
+2 880
-9 2
-71 42
+16 6
+1 12

fn=(10)
859 12
+4 4
+4 8
+2 4
-1 4
+3 12
+1 4
+1 8
+3 4
-1 4
-2 4
+3 4
+4 8
-2 4
+1 4
+1 8
+1 4

fn=(168)
82 990
+1 110
-6 110
+5 330
-5 770
+12 110
229 110
+3 220
-3 110
+3 220
98 110
-3 110
+1 110
+2 110
+3 110
-3 110
+3 110
-3 232
-3 232
+1 232
+2 232
+3 232
-3 232
+3 232
+4 696
+4 680
+4 680
+6 1020
+4 680
+1 1020
225 340
+1 680
+4 680
-2 340
+5 1360
+4 680
-1 680
+1 340
-1 680
+21 236
+24 472
461 1332
+1 260
cfi=(32)
cfn=(102)
calls=52 288 
* 2174
* 312
+3 714
+3 12
286 768
+4 256
+13 104
+1 104
-1 104
+1 104
+1 104
469 880
240 436
-1 218
+2 218
+2 327
+10 357
-7 1115
+2 208
+1 416
-1 208
+1 104
-1 416
+1 312
cfn=(170)
calls=104 131 
* 16733
+1 520

fl=(23)
fn=(108)
81 8
+1 2

fn=(64)
81 12
+2 15

fn=(106)
81 60
+1 3
+1 60

fn=(120)
81 12
+1 3

fl=(61) /build/eglibc-SvCtMH/eglibc-2.19/elf/../sysdeps/x86_64/dl-trampoline.S
fn=(252) _dl_runtime_resolve
34 21
+2 21
+1 21
+1 21
+1 21
+1 21
+1 21
+1 21
+1 21
+1 21
+1 21
cfi=(62) /build/eglibc-SvCtMH/eglibc-2.19/elf/../elf/dl-runtime.c
cfn=(254) _dl_fixup
calls=21 +21 
* 16517
+1 21
+1 21
+1 21
+1 21
+1 21
+1 21
+1 21
+1 21
+1 21
+2 21

fl=(27)
fn=(72)
24 9
+1 9
+1 9
+1 9
+1 9
+1 9
+1 9
+1 9
+1 9
+1 9
+1 9
+1 9
+1 9
+1 9
+1 9
+1 9
+1 9
+1 4
+4 4
+1 4
+1 4
+1 4
+2 4
+4 5
+1 5
+1 5
+1 5
+1 5
+1 5
+1 5
+1 5
+1 5
+1 5
+1 5
+1 5
+1 5
+1 5
+1 5
+1 5
+1 5
+1 5
+1 5
+1 5
+1 5
+1 5
+1 5
+1 6
+5 1
+1 1
+3 1
+1 1
+1 1
+1 1
+1 1
+1 1
+1 1
+1 1
+1 1
+1 1
+1 1
+1 1
+1 1
+1 1
+1 1
+1 1
+1 1
+1 1
+2 1
+1 1
+2 1
+1 1
+1 1
+1 1
+1 1
+1 1
+1 1
+1 1
+2 1
+1 1
+1 1
+1 1
+1 1
+1 1
+1 1
+1 1
+1 1
+1 1
+3 1
+4 1
+1 1
+1 1
+1 1
+2 1
-9 4
+4 4
+1 4
+1 4
+1 4
+2 4

fl=(9)
fn=(18)
26 16
+1 16
+1 16
+1 16
+2 7
+1 7
+2 7
+1 7
-1 21
+1 21
+1 27
+1 27
+1 27
+2 30
+5 15
+1 15
+1 15
+1 15
+3 15
-6 4
+1 4
+1 4
+1 4
+3 4
+1 18
+1 18
+1 18
+2 18
+3 16
+1 16
+1 16
+1 16
+3 16
+1 11
+1 11
+1 11
+2 11
+3 11
+1 11
+1 11
+1 11
+3 11
+1 10
+1 10
+1 10
+2 10
+3 9
+1 9
+1 9
+1 9
+3 9
+1 7
+1 7
+1 7
+2 10
+3 3
+2 3
+1 3
-3 12
+2 12
+1 12
+1 15
+2 15
+1 15
+1 15
+2 15
+1 15
+1 13
+2 13
+1 13
+1 12
+2 12
+2 12
+1 12
+1 11
+2 11
+1 11
+1 10
+2 10
+1 10
+1 4
+2 4
+1 4
-1 12
+1 12

fl=(37)
fn=(152) _dl_determine_tlsoffset
112 7
+6 3
+3 2
+36 1
-34 1
+34 2
+2 3
-2 1
-2 1
-40 1
-1 1
-1 2
+44 6
+5 1
-1 1
+5 2
-4 1
-1 1
+7 1
-7 1
+3 2
+2 1
+2 1
-2 2
+16 5
+2 1
+1 1
-1 2
+10 1
-12 4
+15 4
+1 1
+51 1
+1 8

fn=(154) _dl_allocate_tls_storage
328 1
+13 1
-13 2
+2 1
+11 2
cfi=(15)
cfn=(40)
calls=1 51 
* 51
* 1
+1 1
-1 1
+1 1
+7 1
+4 306
-58 1
+1 1
-1 1
+1 2
cfi=(15)
cfn=(32)
calls=1 102 
* 43
* 1
+1 2
+9 1
-6 1
+6 1
+64 5

fn=(194) _dl_allocate_tls_init
376 7
+1 1
-1 1
+1 1
+4 2
+3 1
-1 1
-2 1
+8 3
+5 7
+6 7
+22 2
+1 4
+2 2
+9 1
-8 1
+8 2
-8 1
+8 1
+1 1
+1 3
cfi=(24)
cfn=(66)
calls=1 61 
* 23
* 5
cfi=(26)
cfn=(70)
calls=1 30 
* 166
* 3
-42 5
+6 2
+3 1
+1 2
+6 1
+3 1
-3 2
+3 1
-1 2
+38 2
+2 1
+1 8

fn=(192) _dl_add_to_slotinfo
831 3
+9 1
-9 1
+6 2
+8 5
+41 1
+1 3
+1 4

fn=(138)
50 1
+3 3
+48 2
+4 2

fn=(684) __tls_get_addr
770 1
+2 3
+3 3
+2 2
+3 1
+1 1

fl=(31)
fn=(96)
26 3
+9 3
+1 6
+1 3
+4 3
+1 3
+1 3
+1 3
+1 3
+2 6
+2 3
+1 3
+3 6
+2 3
+4 3
+1 3

fl=(28)
fn=(84)
50 8
+5 6
+5 2
-1 1
+1 2
+1 2
-1 2
-9 4
+4 8
+4 1
-1 1
-58 4

fn=(86) _dl_debug_state
74 2

fl=(2)
fn=(48)
859 10

fn=(98)
640 2
+2 7
cfi=(21)
cfn=(100)
calls=1 2317 
* 2446
* 1
+2 2

fn=(142)
672 2
+2 4
cfi=(38)
cfn=(144)
calls=1 380 
* 3289
* 2
+4 2

fn=(156) security_init
866 2
+2 1
fi=(39) /build/eglibc-SvCtMH/eglibc-2.19/elf/../sysdeps/unix/sysv/linux/dl-osinfo.h
61 2
+23 2
+2 1
+7 1
fe=(2)
870 1
+7 1
fi=(39)
101 2
+11 1
fe=(2)
879 1
+7 1
-5 1
+6 3

fn=(2)
377 9
+18 4
fi=(3)
44 1
fe=(2)
395 1
fi=(5)
58 3
fi=(3)
-14 1
fe=(2)
424 1
-3 1
fi=(3)
44 1
+17 2
-3 1
-7 1
+5 1
+3 1
+2 1
-3 1
-3 1
-3 2
-5 26
+15 13
-18 39
+18 1
-18 3
+2 36
+5 20
+1 16
+10 4
-18 12
+25 2
+20 4
+1 4
+1 4
+1 4
+2 4
+5 4
+1 4
+1 4
+6 3
+5 2
+7 3
+1 3
+8 3
+2 3
+3 2
+1 2
fe=(2)
552 2
+7 1
300 2
+12 2
cfi=(6)
cfn=(10)
calls=1 859 
* 25
+1 2
+1 2
+1 2
+1 2
+21 1
+10 1
-10 3
+10 1
-6 1
-4 1
+10 1
cfi=(7)
cfn=(12)
calls=1 86 
* 102400
* 1
+9 4
+3 1
+4 1
-4 1
+4 1
584 9
fi=(3)
53 4
+3 4
fe=(2)
557 34
fi=(4)
84 1
+27 1
-28 1
+28 2
+1 2
fi=(5)
492 2
fi=(4)
112 18
fi=(5)
492 18
+1 20
fi=(4)
111 20
fi=(5)
493 10
fi=(4)
111 10
+5 2
+8 1
fi=(5)
287 1
fi=(4)
124 2
+13 1
+2 2
-2 1
fi=(5)
241 1
fi=(4)
137 1
fi=(5)
269 1
fi=(4)
137 2
fi=(5)
269 1
fi=(4)
137 9
+2 18
-2 9
fi=(5)
241 9
fi=(4)
137 9
fi=(5)
269 9
fi=(4)
137 18
fi=(5)
269 9
+9 20
+3 10
-3 20
+3 30
+6 60
fi=(3)
59 4
+1 1
+1 2
fe=(2)
300 73
fi=(5)
+91 10
+9 10
fi=(4)
124 31
fe=(2)

fn=(22)
939 1
+19 1
-19 9
+19 1
+3 1
2525 1
939 1
2525 1
961 1
+4 1
-26 1
+26 1
+1 2
+5 2
2518 2
+7 1
-4 1
+4 1
-5 1
+5 9
+2 2
cfi=(11)
cfn=(24)
calls=1 30 
* 76
* 4
cfi=(11)
cfn=(24)
calls=2 30 
* 250
* 9
+4 48
+1 19
-1 57
+3 4
+6 16
+77 1
+1 1
-1 2
+1 3
cfi=(12)
cfn=(26)
calls=1 315 
* 120
* 2
-55 4
cfi=(12)
cfn=(26)
calls=1 315 
* 26
* 2
2692 3
+33 3
981 4
1180 7
cfi=(13)
cfn=(28)
calls=1 61 
* 248
+2 1
-2 1
+2 1
+1 1
+1 1
+5 2
-5 1
+1 3
+4 1
cfi=(13)
cfn=(44)
calls=1 32 
* 34
+1 2
948 1
1219 1
-3 1
-5 1
+1 1
+2 1
+5 6
+56 2
945 1
1275 2
-55 24
-1 27
+1 47
-1 2
1322 3
+3 2
+2 2
+2 2
+13 3
+1 8
cfi=(17)
cfn=(50)
calls=1 131 
* 7
* 3
+7 1
+3 1
-5 1
+3 1
+2 1
+1 2
+4 2
+2 2
fi=(3)
29 1
+9 2
+6 1
-2 1
+2 2
+7 1
+5 1
+3 1
+2 1
-3 1
-3 1
-3 14
+10 3
-18 9
+8 19
+10 19
-18 57
+18 1
-18 3
+2 46
+5 16
+2 4
+16 3
+38 3
+5 2
+7 2
+1 3
+16 3
+14 3
+18 2
fe=(2)
1365 2
cfi=(6)
cfn=(10)
calls=1 859 
* 25
+3 4
fi=(18) /build/eglibc-SvCtMH/eglibc-2.19/elf/setup-vdso.h
24 2
fe=(2)
1390 1
cfi=(19)
cfn=(56)
calls=1 45 
* 93
* 8
1224 3
+1 1
+90 2
+1 2
+1 1
-6 2
+1 1
-37 2
-1 2
+1 4
-1 2
+2 4
+1 1
+3 2
+1 2
-1 2
+1 2
+1 2
+1 6
+1 2
-43 1
-2 2
+27 1
-25 1
+7 2
-10 1
+10 1
-19 3
+1 1
fi=(3)
56 4
+3 4
+1 1
+1 3
fe=(2)
2570 4
cfi=(12)
cfn=(26)
calls=1 315 
* 80
* 2
+2 3
1395 2
cfi=(21)
cfn=(60)
calls=1 714 
* 4193
+3 3
cfi=(28)
cfn=(84)
calls=1 50 
* 17
+7 1
-7 1
+2 1
+5 1
+3 3
+1 1
+3 1
-3 3
+1 2
+3 1
+5 1
-7 1
+7 1
+1 5
+4 1
+4 1
-2 4
+1 2
+1 3
+5 2
+1 6
+2 2
+1 2
+5 2
+5 3
954 1
1627 3
+3 2
+4 3
+5 2
+1 1
cfi=(28)
cfn=(86)
calls=1 74 
* 1
+5 3
+15 3
+4 3
+16 3
cfi=(23)
cfn=(64)
calls=1 81 
* 9
* 2
+77 4
+17 3
+1 1
-1 1
+1 2
-1 1
+1 5
cfi=(34)
cfn=(122)
calls=1 147 
* 10140
+1 1
+5 1
-5 3
+2 2
+3 4
+1 4
-1 2
+1 12
-1 6
+4 3
+1 3
+1 1
+2 2
+1 5
-1 4
+1 4
-1 6
1384 3
1761 1
+1 1
-1 7
+4 1
+1 1
-1 1
+2 2
+36 1
-1 2
+1 1
+2 1
+2 3
+2 1
-4 2
+5 1
-1 2
+14 2
+1 2
+1 3
+12 1
+1 1
-2 1
+2 1
-2 1
+2 1
-2 1
+2 1
-2 1
+2 1
cfi=(30)
cfn=(140)
calls=1 205 
* 3329
+10 1
+1 1
-1 1
+1 1
+1 1
cfn=(150) init_tls
calls=1 739 
* 615
* 1
+2 2
+3 1
cfn=(156)
calls=1 866 
* 20
+2 2
2087 3
+56 1
+4 1
+7 1
-11 1
+4 3
+4 2
+3 1
+8 2
+46 3
+7 1
+2 11
+2 1
+2 12
+5 8
+2 8
+8 4
-2 4
+2 8
+1 24
cfi=(40)
cfn=(160)
calls=3 154 
* 70850
+4 14
-22 12
+25 4
+2 1
+6 1
-6 1
+6 1
+5 4
+1 1
+5 2
cfi=(37)
cfn=(194)
calls=1 376 
* 275
+4 2
+14 3
+2 2
+29 1
cfi=(7)
cfn=(196)
calls=1 256 
* 1
+4 3
+20 3
cfi=(28)
cfn=(84)
calls=1 50 
* 8
+1 1
+1 1
cfi=(28)
cfn=(86)
calls=1 74 
* 1
+5 1
cfi=(36)
cfn=(198)
calls=1 309 
* 15
+5 8
2242 2
cfi=(37)
cfn=(192)
calls=1 831 
* 20
* 1
-12 1
+1 1
-3 2
+55 2
+15 1
+3 1
-3 1
+3 1
-3 2
+3 2
-3 1
+2 1
+1 1
cfi=(40)
cfn=(160)
calls=1 154 
* 7063
+1 4
+2 3
2095 1
947 2
1800 2
+12 3
-44 2
1666 3
+1 1
-1 2
+1 1
cfn=(88) handle_ld_preload
calls=1 906 
* 3237
* 1
+1 4
+2 3
2620 3

fn=(88)
906 7
+1 1
-1 1
-75 1
+86 1
-11 1
-75 6
+80 3
fi=(29) /build/eglibc-SvCtMH/eglibc-2.19/elf/../string/bits/string2.h
+50 3
+1 5
-1 184
+1 92
+1 46
-2 46
+2 46
-2 139
+2 1
-2 3
fe=(2)
-46 3
+10 4
109 3
928 2
826 1
+5 5
-10 1
+4 1
+1 1
+1 1
+2 1
+2 1
cfi=(30)
cfn=(92)
calls=1 163 
* 2519
+1 3
+8 3
+89 1
-18 3
+21 9
-15 4
cfi=(16)
cfn=(42)
calls=1 61 
* 81
* 1
+1 3

fn=(46)
853 10

fn=(94)
813 8

fn=(150)
739 1
-1 1
-6 1
+2 2
+4 1
+10 4
cfi=(15)
cfn=(32)
calls=1 102 
* 43
* 1
+11 1
-15 1
+3 1
+6 1
+2 1
-11 1
+15 1
+2 1
-1 1
+1 10
+2 8
+4 1
+2 1
-2 2
-5 8
+9 3
+3 1
cfi=(37)
cfn=(152)
calls=1 112 
* 73
+7 1
cfi=(37)
cfn=(154)
calls=1 328 
* 428
+1 1
-1 1
+1 1
+6 1
+8 1
-8 1
+8 6
+4 1
+2 1
+1 2

fl=(33)
fn=(114)
34 3
-1 3
+1 3
+1 18
+4 3

fl=(62)
fn=(254)
66 42
+6 42
-6 63
+3 21
-1 21
+1 21
+3 21
+1 21
-1 42
+1 105
+1 21
-1 21
+1 42
+5 42
+4 42
+4 63
+4 40
+1 80
+2 80
+7 63
-1 21
+8 42
+3 189
cfi=(6)
cfn=(166)
calls=21 714 
* 14772
* 21
+4 63
+4 84
+6 126
+16 21
-8 21
+8 63
+4 63
fi=(5)
+65 21
fe=(62)
-61 105
-64 2
fi=(130) /build/eglibc-SvCtMH/eglibc-2.19/elf/../sysdeps/x86_64/dl-irel.h
-53 1
cob=(3)
cfi=(131) /build/eglibc-SvCtMH/eglibc-2.19/string/../sysdeps/x86_64/multiarch/memcpy.S
cfn=(632) memcpy@@GLIBC_2.14
calls=1 * 
* 7
* 2
fe=(62)

fl=(24)
fn=(66)
61 35
+4 35
+3 34
+1 34
+2 13
+1 13
+2 13
+1 13
+5 13
+1 13
-1 21
+1 21
+2 26
+1 26
+2 26
+1 26
+5 26
+1 26
-1 8
+1 8
+2 13
+1 13
+2 13
+1 13
+5 13
+1 13
-1 21
+1 21
+2 19
+1 19
+2 19
+1 38
+5 19
+1 19
-1 15
+1 21
+5 6
+1 6
+1 6
+1 6
+2 6
+2 6
+1 6
+2 6
+6 34
+4 34
+12 2
+2 2
+1 2
+26 2
+1 2
+3 2
+1 2
+1 2
+5 2
+2 2
+1 2
+1 2
+1 2
+2 2
+1 2
+1 2
+1 2
+2 2
+1 2
+2 2
+22 2
+2 2
+2 1
+7 1

ob=(3)
fl=(45) /build/eglibc-SvCtMH/eglibc-2.19/elf/../sysdeps/unix/sysv/linux/dl-vdso.c
fn=(180) _dl_vdso_vsym
27 4
-1 4
+1 4
+4 8
-3 8

fl=(57)
fn=(232)
550 1
+13 1
-13 1
+13 1
-13 1
+13 1
+7 2
+2 3
cfn=(234) handle_intel
calls=1 306 
* 431
+4 2
-4 1
+4 1
cfn=(234)
calls=1 306 
* 470
+2 1
-2 1
-1 1
+3 1
+29 1
-18 1
+18 3
+7 2
+9 20
-9 12
+6 6
-6 3
+6 2
+49 4
+75 2
+2 1
+1 1
+2 1
-3 1
+5 1
-5 1
+4 3
+4 2
+2 1
+1 1
+2 1
-3 1
+5 1
+2 1
-7 1
+4 2
+3 1
-3 1
+3 2
-93 5
-45 2
+6 5
+7 2
+4 4
+2 4
-6 4
+4 1
-2 1
+2 1
-4 3
+4 1
-2 1
+2 1
+15 2
-8 1
+2 2
+1 1
-1 2
+1 1
+1 1

fn=(236) intel_check_word
162 8
+6 4
-7 8
+7 8
-7 4
+7 8
-7 4
+7 4
+2 4
-2 4
+2 12
+2 4
+2 8
-2 6
+2 12
+8 20
+53 16
fi=(58) /build/eglibc-SvCtMH/eglibc-2.19/string/../bits/stdlib-bsearch.h
27 8
+1 16
+3 16
+1 8
fe=(57)
150 16
fi=(58)
31 12
+1 6
fe=(57)
150 12
+3 54
fi=(58)
29 46
+2 46
-2 46
+2 80
+1 40
fe=(57)
150 80
295 8
170 16
-6 2
300 16
fi=(58)
37 8
-8 18
fe=(57)
194 10
+5 10
-5 14
+34 3
-34 15
+5 6
+4 8
+7 8
+3 2
+2 4
-10 2
-2 2
+2 3
+12 2
+2 2
+1 2
-3 2
+2 2
-1 2
-1 2
+2 2
-1 6
+1 2
-2 4

fn=(234)
306 4
-1 4
+17 2
-17 12
+14 2
+1 4
-3 6
+23 10
cfn=(236)
calls=2 162 
* 636
+1 4
+3 10
cfn=(236)
calls=2 162 
* 167
+1 4
-17 4
+5 2
-5 4
+5 2
+2 2
+1 2
-1 4
+27 16

fl=(63) /build/eglibc-SvCtMH/eglibc-2.19/csu/libc-start.c
fn=(258) (below main)
133 7
+4 1
-4 3
+4 3
+82 1
-82 1
+82 1
+1 4
cfi=(64) /build/eglibc-SvCtMH/eglibc-2.19/stdlib/cxa_atexit.c
cfn=(260) __cxa_atexit
calls=1 57 
* 60
+22 6
+3 2
+1 5
cob=(5)
cfi=(60)
cfn=(264) __libc_csu_init
calls=1 0 
* 55
+4 4
+15 2
+9 2
cfi=(65) /build/eglibc-SvCtMH/eglibc-2.19/setjmp/../sysdeps/x86_64/bsd-_setjmp.S
cfn=(278) _setjmp
calls=1 30 
* 29
+1 2
+5 2
+1 2
+3 2
+3 6
cob=(5)
cfi=(68) /home/sasl/eleves/ei-se/3201795/EISE5/HPC/hpc/src/main.c
cfn=(284) main
calls=1 53 
* 28179380012
+34 2
cfi=(137) /build/eglibc-SvCtMH/eglibc-2.19/stdlib/exit.c
cfn=(674) exit
calls=1 104 
* 2613
137 2

fl=(104) /build/eglibc-SvCtMH/eglibc-2.19/stdio-common/vfprintf.c
fn=(502) vfprintf
235 46123
+35 12579
1295 12580
+4 20965
+11 8386
+11 4193
fi=(106) /build/eglibc-SvCtMH/eglibc-2.19/stdio-common/printf-parse.h
108 8386
fe=(104)
1321 20965
fi=(106)
108 4193
cfi=(105) /build/eglibc-SvCtMH/eglibc-2.19/string/../sysdeps/x86_64/strchr.S
cfn=(504) strchrnul
calls=4193 -84 
* 108931
fe=(104)
1336 4193
fi=(106)
108 4193
fe=(104)
1332 4193
+4 8386
+4 29351
cfi=(83) /build/eglibc-SvCtMH/eglibc-2.19/libio/fileops.c
cfn=(536) _IO_file_xsputn@@GLIBC_2.2.5
calls=14 -59 
* 2194
cfi=(82) /build/eglibc-SvCtMH/eglibc-2.19/libio/genops.c
cfn=(506) _IO_default_xsputn
calls=4179 447 
* 348449
* 12579
2098 8428
+1 12579
+2 4193
+1 33544
1295 8384
+41 98
+1 84
+3 8386
+4 4193
-4 4193
+4 8386
+4 29302
283 4186
-6 4186
-3 4186
1325 4186
-8 4186
240 4186
1396 44632
-3 5579
-1 5579
-17 5579
+1 5579
+1 5579
+1 5579
+1 5579
+1 5579
+1 5579
+1 5579
+1 5579
+1 5579
+1 5579
+3 5579
+1 5579
1580 11158
-21 16737
1396 50211
2091 8372
+2 8372
+2 8372
1680 11158
+8 5579
fi=(106)
108 11158
fe=(104)
1688 5579
fi=(106)
108 5579
fe=(104)
1688 5579
fi=(106)
108 5579
cfi=(105)
cfn=(504)
calls=5579 -84 
* 123122
fe=(104)
1692 5579
-4 5579
+4 50211
cfi=(83)
cfn=(536)
calls=7 1281 
* 1463
cfi=(82)
cfn=(506)
calls=5572 447 
* 381682
* 5579
-10 5579
+10 61369
+2 5579
-2 5579
+2 5579
-16 4179
-18 257656
cfi=(108) /build/eglibc-SvCtMH/eglibc-2.19/libio/iopadn.c
cfn=(512) _IO_padn
calls=1386 40 
* 122598
* 61208
cfi=(82)
cfn=(506)
calls=5572 447 
* 360192
* 105868
cfi=(107) /build/eglibc-SvCtMH/eglibc-2.19/stdio-common/_itoa.c
cfn=(510) _itoa_word
calls=5572 168 
* 238168
* 195020
1551 28
+1 21
+26 7
+14 7
-14 21
+39 11263
-37 14
cfi=(106)
cfn=(508) read_int
calls=7 73 
* 84
* 7
+4 14
+9 14
+21 14
+46 483
cfi=(116) /build/eglibc-SvCtMH/eglibc-2.19/stdio-common/printf_fp.c
cfn=(562) __printf_fp
calls=7 161 
* 13448
* 84
1422 11144
+1 2786
-1 2786
+1 44576
+94 5586
cfi=(106)
cfn=(508)
calls=2793 73 
* 33516
+2 2793
-2 2793
+2 2793
+8 5586
+18 11172
+3 36309
+85 47362
-1 5572

fl=(103) /build/eglibc-SvCtMH/eglibc-2.19/libio/strops.c
fn=(500) _IO_str_init_static_internal
39 33432
+4 8358
+6 20895
cfi=(82)
cfn=(386) _IO_setb
calls=4179 399 
* 87759
+5 4179
-3 4179
+1 4179
+1 4179
+1 4179
+2 4179
+1 4179
+1 4179
+9 4179
+1 25074
-23 4179
+1 16716

fl=(41)
fn=(182)
140 1
+1 1
+4 1
+1 1
+1 1
+11 1

fn=(172)
114 1
+1 1
+1 1
cfi=(42) /build/eglibc-SvCtMH/eglibc-2.19/csu/../sysdeps/x86_64/multiarch/init-arch.c
cfn=(174) __init_cpu_features
calls=1 -62 
* 93
+3 1
+1 1
+1 1
+11 1

fl=(105)
fn=(504)
24 9772
+1 9772
+1 9772
+1 9772
+1 9772
+1 9772
+1 9772
+1 9772
+1 9173
+1 9173
+1 9173
+1 9173
+1 9173
+1 9173
+1 9173
+1 9173
+1 9173
+1 8373
+2 8373
+7 8373
+4 800
+1 800
+1 800
+1 800
+1 800
+1 800
+1 800
+1 800
+1 800
+1 800
+1 800
+1 800
+1 800
+1 800
+1 800
+1 800
+1 800
+1 800
+1 800
+1 800
+1 800
+1 800
+1 800
+1 801
+5 1
+1 1
+3 1
+1 1
+1 1
+1 1
+1 1
+1 1
+1 1
+1 1
+1 1
+1 1
+1 1
+1 1
+1 1
+1 1
+1 1
+1 1
+1 1
+1 1
+2 1
+1 1
+2 1
+1 1
+1 1
+1 1
+1 1
+1 1
+1 1
+1 1
+2 1
+1 1
+1 1
+1 1
+1 1
+1 1
+1 1
+1 1
+1 1
+1 1
+3 1
+2 1
+7 1
-9 1398
+2 1398
+7 1398
+4 599
+1 599
+1 599
+1 599
+1 599
+1 599
+1 599
+1 599
+1 599
+1 599
+1 599
+1 599
+1 599
+1 599
+1 599
+1 599
+1 599
+1 599
+1 599
+1 599
+1 599
+1 599
+1 599
+1 599
+1 599
+1 599
+1 599
+1 599
+1 599
+1 599
+1 599
+1 599
+1 599
+1 599
+1 599
+1 599
+1 599
+1 599
+1 1

fl=(119) /build/eglibc-SvCtMH/eglibc-2.19/stdlib/../sysdeps/ieee754/dbl-64/dbl2mpn.c
fn=(568) __mpn_extract_double
35 14
+2 21
+1 7
+9 7
-9 7
+9 7
+9 7
-18 14
+18 7
-18 7
+9 7
+9 7
+47 21
+4 14

fl=(132) /build/eglibc-SvCtMH/eglibc-2.19/string/../sysdeps/x86_64/multiarch/memcpy-sse2-unaligned.S
fn=(634) __memcpy_sse2_unaligned
25 199
+1 199
+1 199
+1 199
+1 199
+1 199
+10 199
+1 199
+50 199
+1 199
+1 199
+2 199
+1 199
+1 199
+1 199
+1 199
+1 199
+1 199
+1 199
+1 199
+1 199
+1 199
+1 199
+1 199
+1 199
+1 199
+1 199
+1 199
+1 199
+1 199
+1 199
+2 199
+1 199
+1 199
+1 199
+1 199
+1 199
-5 955001
+1 955001
+1 955001
+1 955001
+1 955001
+1 955001
+1 199
+1 199

fl=(78) /build/eglibc-SvCtMH/eglibc-2.19/misc/sbrk.c
fn=(320) sbrk
34 62364
+8 62364
-8 187092
+8 374181
+4 124728
+4 115
+3 46
cfi=(79) /build/eglibc-SvCtMH/eglibc-2.19/misc/../sysdeps/unix/sysv/linux/x86_64/brk.c
cfn=(322) brk
calls=46 -22 
* 598
* 92
+4 311820
-14 2
cfi=(79)
cfn=(322)
calls=1 -12 
* 13
* 4
+9 46
+1 92

fl=(46)
fn=(184)
31 1
-1 1
fi=(44) /build/eglibc-SvCtMH/eglibc-2.19/time/../sysdeps/generic/dl-hash.h
+14 1
fe=(46)
-13 2
fi=(44)
+14 1
fe=(46)
-14 1
fi=(44)
+12 1
+5 3
+1 2
+13 2
-17 3
+3 9
+1 6
+13 6
-17 9
+22 1
fe=(46)
-36 2
+3 2
-3 1
+3 1
cfi=(45)
cfn=(180)
calls=1 -7 
* 7
+1 3
+1 3

fl=(84) /build/eglibc-SvCtMH/eglibc-2.19/io/../sysdeps/unix/syscall-template.S
fn=(392) read
81 2800
cfn=(394) __read_nocancel
calls=1400 * 
* 7000

fn=(550) __write_nocancel
81 7000

fn=(350) __open_nocancel
81 13965

fn=(394)
81 7000

fn=(448) __close_nocancel
81 13965

fn=(548) write
81 2800
cfn=(550)
calls=1400 * 
* 7000

fn=(348) open
81 5586
cfn=(350)
calls=2793 * 
* 13965

fl=(96) /build/eglibc-SvCtMH/eglibc-2.19/string/../sysdeps/x86_64/multiarch/../memcpy.S
fn=(428) __GI_memcpy
61 333913
+2 333913
+2 333913
+3 333913
+1 333913
+2 333900
+1 333900
+2 333900
+1 333900
+5 333900
+1 333900
-1 13
+1 13
+2 332640
+1 332640
+2 332640
+1 665280
+5 332640
+1 332640
-1 1273
+1 1273
+2 1260
+1 1260
+2 1260
+1 1260
+5 1260
+1 1260
-1 332653
+1 332653
+2 332640
+1 332640
+2 332640
+1 332640
+5 332640
+1 332640
-1 1273
+1 335186
+5 333913
+1 333913
+1 333913
+1 333913
+2 333913
+2 333913
+1 333913
+2 333913
+8 333913
+8 333900
+6 333900
+2 333900
+1 333900
+3 333900
+1 667800
+5 333900
+1 333900
+2 333900
+2 333900
+1 333900
+2 333900
-8 1333080
+1 1333080
+2 1333080
+2 1333080
+1 1333080
+2 1666980
+9 333900
+1 333900
+3 333900
+1 333900
+1 333900
+5 1665720
+2 1665720
+1 1665720
+1 1665720
+1 1665720
+2 1665720
+1 1665720
+1 1665720
+1 1665720
+2 1665720
+1 1665720
+2 1665720
+2 1331820
+2 1331820
+1 1331820
+1 1331820
+1 1331820
+2 1331820
+1 1331820
+1 1331820
+1 1331820
+2 1331820
+1 1331820
+2 1331820
+5 333900
+6 333900
+1 333900

fl=(55) /build/eglibc-SvCtMH/eglibc-2.19/string/../sysdeps/x86_64/strrchr.S
fn=(228) rindex
24 1
+1 1
+1 1
+1 1
+1 1
+1 1
+1 1
+1 1
+1 1
+1 1
+1 1
+1 1
+1 1
+1 1
+1 1
+1 1
+1 1
+1 1
+1 1
+1 1
+1 1
+1 1
+1 1
+1 1

fl=(142) /build/eglibc-SvCtMH/eglibc-2.19/posix/../sysdeps/unix/sysv/linux/_exit.c
fn=(738) _Exit
28 2
+4 1
+2 2

fl=(81) /build/eglibc-SvCtMH/eglibc-2.19/libio/iofopen.c
fn=(332) __fopen_internal
65 16758
+8 2793
-8 5586
+8 2793
cfi=(71) /build/eglibc-SvCtMH/eglibc-2.19/malloc/malloc.c
cfn=(312) malloc
calls=2793 2878 
* 486806
cob=(1)
cfi=(61)
cfn=(252)
calls=1 -39 
* 614
* 2797
+2 2793
-2 2793
+2 2793
+3 2793
+3 13965
-3 2793
+3 2793
cfi=(82)
cfn=(338) _IO_no_init
calls=2793 643 
* 161994
+4 2793
+1 2793
-1 2793
+1 2793
cfi=(83)
cfn=(342) _IO_file_init@@GLIBC_2.2.5
calls=2793 +57 
* 265335
+4 13965
cfi=(83)
cfn=(346) _IO_file_fopen@@GLIBC_2.2.5
calls=2793 254 
* 350518
* 2793
+1 2793
-1 2793
+6 13965
-5 2793
cfn=(354) __fopen_maybe_mmap
calls=2793 -49 
* 11172

fn=(330) fopen@@GLIBC_2.2.5
103 5586
cfn=(332)
calls=2793 -38 
* 1388163

fn=(354)
42 2793
-2 2793
+2 2793
+15 2793

fl=(89) /build/eglibc-SvCtMH/eglibc-2.19/io/../sysdeps/unix/sysv/linux/wordsize-64/fxstat.c
fn=(382) _fxstat
34 2794
-1 2794
+1 2794
+1 16764
+4 2794

fl=(127) /build/eglibc-SvCtMH/eglibc-2.19/stdlib/../sysdeps/x86_64/rshift.S
fn=(606) __mpn_rshift
29 12
+1 12
+1 12
+13 12
+1 12
+16 12
+1 12
+1 12
+1 12
+1 12
+1 12
+1 12
+5 12
+1 12
+1 12
+1 12
+1 12

fl=(47)
fn=(188)
49 1
-49 12

fl=(114) /build/eglibc-SvCtMH/eglibc-2.19/debug/printf_chk.c
fn=(558) __printf_chk
26 217
+4 35
-4 7
+4 217
+1 28
+1 28
+2 14
+1 42
-1 70
+1 14
cfi=(104)
cfn=(502)
calls=14 235 
* 20737
+3 14
-3 14
+3 14
+1 28
fi=(115) /build/eglibc-SvCtMH/eglibc-2.19/debug/../libio/libioP.h
913 14
+1 28
+1 112
fe=(114)
43 84

fl=(121) /build/eglibc-SvCtMH/eglibc-2.19/stdlib/cmp.c
fn=(572) __mpn_cmp
42 22
+2 11
+1 11
+1 22
+8 55

fl=(120) /build/eglibc-SvCtMH/eglibc-2.19/stdlib/../sysdeps/x86_64/lshift.S
fn=(570) __mpn_lshift
29 7
+1 7
+2 7
+1 7
+1 7
+12 7
+1 7
+1 7
+1 7
+1 7
+1 7
+1 7
+6 7
+1 7
+1 7

fl=(72) /build/eglibc-SvCtMH/eglibc-2.19/malloc/hooks.c
fn=(296) malloc_hook_ini
30 2
fi=(73) /build/eglibc-SvCtMH/eglibc-2.19/malloc/arena.c
373 3
fe=(72)
29 3
cfi=(73)
cfn=(298) ptmalloc_init.part.7
calls=1 371 
* 57688
* 1
+4 1
-1 1
cfi=(71)
cfn=(312)
calls=1 2878 
* 1190

fn=(484) memalign_hook_ini
46 1
+1 2
fi=(73)
373 3
fi=(71)
3057 1
fe=(72)
50 1
fi=(71)
3057 1
cfn=(483) _mid_memalign'2
calls=1 +5 
* 193
fe=(72)

fl=(135) /build/eglibc-SvCtMH/eglibc-2.19/stdlib/mul.c
fn=(646) __mpn_mul
57 44
+6 4
-6 8
+6 4
+13 4
-1 8
+5 4
+1 8
+9 12
cfi=(122) /build/eglibc-SvCtMH/eglibc-2.19/stdlib/../sysdeps/x86_64/mul_1.S
cfn=(576) __mpn_mul_1
calls=4 -58 
* 128
+2 4
+5 4
-5 8
+1 4
+4 4
+54 32

fl=(138) /build/eglibc-SvCtMH/eglibc-2.19/stdlib/cxa_thread_atexit_impl.c
fn=(678) __call_tls_dtors
82 3
+1 2
cob=(1)
cfi=(37)
cfn=(684)
calls=1 770 
* 11
cob=(1)
cfi=(61)
cfn=(252)
calls=1 -49 
* 990
* 5
* 3
+18 4

fl=(42)
fn=(174)
54 1
-9 1
+9 1
+3 1
-3 1
+3 5
+95 2
+1 7
+7 3
+4 2
+2 3
+18 2
+5 1
+1 1
+2 1
+1 2
-9 4
+1 5
+1 2
-16 2
+1 1
+2 2
+3 2
31 2
+6 1
-6 1
+7 1
-1 1
+28 1
-27 1
+27 1
-28 1
+2 1
-1 1
+1 1
+26 1
+1 1
-35 4
+35 1
+5 1
-12 1
+12 1
+3 12
+27 1
-42 1
+42 1
+22 1
-64 1
+68 1

fl=(65)
fn=(278)
30 1
+2 1
cfi=(66) /build/eglibc-SvCtMH/eglibc-2.19/setjmp/../sysdeps/x86_64/setjmp.S
cfn=(280) __sigsetjmp
calls=1 -6 
* 27

fl=(122)
fn=(576)
32 42
+3 42
+1 42
+1 42
+1 42
+1 42
+2 42
+1 42
+2 42
+1 42
+1 42
+1 42
+1 38
+2 38
+1 38
+1 38
+1 38
+26 4
+1 4
+1 4
+1 4
+1 4
+1 4
+1 4
+1 4
+1 4
+26 4
+1 4
+1 4
+2 4
+1 4
+1 4
+1 4
+1 4
+1 4
+2 4
+3 4
-5 38
+2 38
+3 38

fl=(107)
fn=(510)
168 22288
+2 11144
+9 193592
+9 11144

fl=(82)
fn=(338)
643 62748
+1 6972
cfn=(340) _IO_old_init
calls=6972 -18 
* 161763
+3 6972
-2 6972
+2 6972
+2 2793
+1 2793
+1 2793
+1 2793
+1 2793
+1 2793
+1 2793
+1 2793
+1 2793
+1 2793
+1 2793
+1 2793
+2 2793
+7 2793
+1 16758
-1 4179
+1 25074
-3 8358

fn=(444) _IO_unsave_markers
1119 2793
+2 2793
-2 2793
+2 2793
+19 8379
+2 5586

fn=(728) _IO_cleanup
1010 1
+3 1
-3 2
-48 1
+48 2
+3 1
cfn=(730) _IO_flush_all_lockp
calls=1 822 
* 88
-63 1
+63 1
-63 3
+2 9
+2 2
-1 4
+3 4
+6 16
+8 5
+10 5
cfi=(83)
cfn=(732) _IO_file_setbuf@@GLIBC_2.2.5
calls=1 461 
* 66
+3 2
+7 3
-40 9
+75 7
-53 1
+4 1
-4 1
+2 1
+1 1
+1 1
-2 1
+3 4
+6 3
+1 8

fn=(730)
822 3
+6 1
-6 5
+6 2
+6 1
-11 1
+10 1
+2 2
+4 2
-1 3
-1 3
+1 3
+3 9
+10 6
+4 3
-2 3
+2 6
+7 3
-27 6
+31 2
+2 2
+4 9
-31 12

fn=(734) _IO_default_setbuf
557 5
+1 1
-1 1
+1 1
cfi=(83)
cfn=(736) _IO_file_sync@@GLIBC_2.2.5
calls=1 886 
* 13
* 2
+9 1
-7 1
+7 1
-7 1
400 1
562 1
+1 1
-1 1
+1 1
400 4
+7 1
-5 1
+1 1
+4 1
570 2
+2 1
-2 1
+1 3
+2 4

fn=(370) __uflow
363 1400
+2 1400
-2 1400
+2 4200
+6 7000
+3 2800
+2 2800
+6 2800
+7 2800
+1 1400
-1 2800
cfn=(372) _IO_default_uflow
calls=1400 +45 
* 267400
-2 4200

fn=(372)
434 1400
+1 1400
-1 1400
+1 1400
cfi=(83)
cfn=(374) _IO_file_underflow@@GLIBC_2.2.5
calls=1400 552 
* 250600
+1 2800
+2 5600
+1 2800

fn=(386)
399 48830
+1 44650
+3 9766
+2 39064
-3 9766
+3 19532
+3 39064
-7 19551
cfi=(90) /build/eglibc-SvCtMH/eglibc-2.19/misc/../sysdeps/unix/syscall-template.S
cfn=(450) munmap
calls=2793 81 
* 13965
* 11172

fn=(388) _IO_switch_to_get_mode
182 1400
+1 1400
-1 1400
+1 2800
+3 4200
+5 1400
-1 2800
+1 1400
+7 1400
-4 1400
+2 2800
+2 1400
+1 1400
+1 2800

fn=(424) _IO_sgetn
495 1001700
cfi=(83)
cfn=(426) _IO_file_xsgetn
calls=333900 1364 
* 74347560

fn=(376) _IO_doallocbuf
414 8382
+1 2794
-1 2794
+1 2794
+6 11176
-4 8382
+1 8382
cfi=(88) /build/eglibc-SvCtMH/eglibc-2.19/libio/filedoalloc.c
cfn=(378) _IO_file_doallocate
calls=2794 96 
* 231913
* 5588

fn=(506)
447 18103
+4 18103
-1 18103
-3 90515
+3 90515
+20 214836
+5 4776
-1 2388
+1 796
-1 796
+1 796
-1 796
+1 796
-1 796
+1 796
-1 796
+1 53709
+3 17903
+2 35806
-2 199
+2 519
cfi=(83)
cfn=(538) _IO_file_overflow@@GLIBC_2.2.5
calls=17 824 
* 561
* 34
+2 17
-2 17
-25 72480
+2 54306
+3 36204
+3 398
+5 199
-5 199
cfi=(113) /build/eglibc-SvCtMH/eglibc-2.19/string/../sysdeps/x86_64/memcpy.S
cfn=(544) __GI_mempcpy
calls=199 61 
* 6169
* 398
+21 36206
+1 108618
-11 34214
+1 51321
-1 34214
+1 192255
-1 145277

fn=(440) _IO_un_link
60 33516
+1 16758
+4 16758
+1 27930
+2 2793
-2 2793
+1 2793
+1 53067
+2 8379
+2 5586
+13 2793
+2 2793
-2 2793
+2 11172
+2 2793
-1 2793
+1 16758
+1 5586
+3 33516
-6 16758
-13 2793
+1 2793
-1 5586

fn=(584) __overflow
241 114
+2 114
cfi=(83)
cfn=(538)
calls=38 824 
* 1254

fn=(344) _IO_link_in
99 22344
+1 16758
+4 2793
-2 5586
+2 13965
+1 27930
+2 2793
-2 2793
+1 2793
+1 2793
-2 2793
+2 2793
-2 2793
+2 39102
+2 2793
-2 2793
+4 2793
+2 2793
-3 2793
-1 2793
+4 19551
+2 2793
-1 2793
+1 22344
+1 5586
+3 22344
-6 19551

fn=(340)
626 6972
-16 6972
+1 6972
+15 6972
+5 6972
-21 6972
+2 6972
+1 6972
+1 6972
+17 6972
-16 6972
+1 6972
+1 6972
+1 6972
+1 6972
+1 6972
+2 6972
+1 6972
+1 6972
+1 6972
+6 6972
+1 15351

fn=(456) _IO_default_finish
686 5586
+2 8379
+6 8379
+3 8379
+6 2793
+6 2793
-6 2793
cfn=(440)
calls=2793 60 
* 27930

fl=(108)
fn=(512)
40 1389
+8 1389
-8 6945
+7 2778
+2 1386
+1 1386
-1 1386
-5 1389
+13 5556
+8 2778
+2 6945
cfi=(83)
cfn=(536)
calls=3 1281 
* 224
cfi=(82)
cfn=(506)
calls=1386 447 
* 78246
+4 1389
-3 1389
+3 8334

fl=(140) /build/eglibc-SvCtMH/eglibc-2.19/stdlib/cxa_finalize.c
fn=(714) __cxa_finalize
31 3
+17 1
-17 5
+4 4
+4 6
-4 3
+32 4
+4 6
-4 3
+12 2
+3 1
-2 1
+2 6
-2 1
cfi=(141) /build/eglibc-SvCtMH/eglibc-2.19/nptl/../nptl/sysdeps/unix/sysv/linux/unregister-atfork.c
cfn=(716) __unregister_atfork
calls=1 -44 
* 13

fl=(76) /build/eglibc-SvCtMH/eglibc-2.19/nptl/../nptl/sysdeps/unix/sysv/linux/register-atfork.c
fn=(310) __linkin_atfork
116 2
+1 6
+2 1

fl=(116)
fn=(574) hack_digit.13665
231 152
+3 114
+2 114
+7 102
+20 102
cfi=(122)
cfn=(576)
calls=34 32 
* 680
+1 68
+1 145
+4 170
-22 204
cfi=(128) /build/eglibc-SvCtMH/eglibc-2.19/stdlib/divrem.c
cfn=(608) __mpn_divrem
calls=34 56 
* 1632
+1 136
+4 34
-4 34
+1 34
+2 34
+1 204
-14 8
+1 4
-1 4
+1 8
-1 4
+1 4
cfi=(122)
cfn=(576)
calls=4 32 
* 80
* 4
+30 92

fn=(562)
161 70
+54 7
-21 7
+2 7
+19 21
+59 7
-59 14
+59 7
+2 7
+24 7
-24 14
+24 7
-24 14
+1 7
-1 7
+1 7
+23 7
+42 7
176 7
-1 7
349 7
+2 7
-2 7
+47 21
+4 7
cfi=(117) /build/eglibc-SvCtMH/eglibc-2.19/math/../sysdeps/ieee754/dbl-64/wordsize-64/s_isnan.c
cfn=(564) isnan
calls=7 27 
* 49
* 14
+15 14
cfi=(118) /build/eglibc-SvCtMH/eglibc-2.19/math/../sysdeps/ieee754/dbl-64/wordsize-64/s_isinf.c
cfn=(566) isinf
calls=7 20 
* 91
* 21
+56 7
+12 7
-12 42
+1 7
+1 7
+1 7
+1 28
+1 14
+1 7
-2 7
+1 7
-1 7
+1 7
+1 14
+7 7
-7 7
+7 7
+9 21
+15 14
-3 70
+37 7
+1 42
cfi=(96)
cfn=(428)
calls=7 61 
* 161
+15 38
+11 5
-2 5
+2 96
-2 86
+2 256
-56 84
+4 420
-4 7
+4 35
+2 22
+32 4
-2 28
cfi=(135)
cfn=(646)
calls=4 57 
* 280
+4 28
1264 56
431 63
cfi=(119)
cfn=(568)
calls=7 35 
* 147
+4 7
-4 7
+4 21
+68 42
-2 63
cfi=(120)
cfn=(570)
calls=7 29 
* 105
+3 63
+1 7
-1 7
+1 7
+1 42
+52 44
cfi=(121)
cfn=(572)
calls=11 42 
* 121
* 22
+3 30
cfi=(96)
cfn=(428)
calls=6 61 
* 138
+1 18
+1 18
+1 6
-2 6
+1 6
+1 24
+6 7
+6 28
-6 7
+6 7
+4 42
+35 36
+16 12
+2 6
-2 12
+2 6
-2 18
cfi=(127)
cfn=(606)
calls=6 29 
* 102
+16 18
-1 6
+1 24
cfi=(127)
cfn=(606)
calls=6 29 
* 102
+3 54
828 6
+10 6
-10 6
+10 24
+2 6
-2 6
+2 6
-12 1
+10 1
-10 1
+10 4
+2 1
-2 1
+2 1
+10 14
+48 7
-61 7
+61 14
+14 28
+1 7
-1 14
+7 14
fi=(143) /build/eglibc-SvCtMH/eglibc-2.19/stdio-common/../nptl/sysdeps/pthread/allocalim.h
28 14
fe=(116)
929 7
-8 7
-1 7
+9 35
+1 14
+3 21
+3 77
+3 14
cfn=(574)
calls=7 231 
* 754
* 20
cfn=(574)
calls=10 231 
* 1154
* 34
-3 83
+6 14
+1 21
+2 14
-4 7
+4 28
+12 21
+1 70
+1 63
+1 14
+3 14
-1 14
+2 14
-1 14
cfn=(574)
calls=14 231 
* 1500
* 14
+1 28
+2 3
-6 28
+15 21
+1 28
cfn=(574)
calls=7 231 
* 759
+2 35
+1 7
-1 7
fi=(123) /build/eglibc-SvCtMH/eglibc-2.19/stdio-common/../sysdeps/generic/get-rounding-mode.h
93 7
+1 35
fe=(116)
1094 21
+7 14
+3 14
+13 21
+46 42
+2 42
+2 7
-2 7
+2 42
+1 15
208 4
1170 14
+7 28
+9 21
+6 21
+4 21
cfi=(125) /build/eglibc-SvCtMH/eglibc-2.19/string/../sysdeps/x86_64/strlen.S
cfn=(582) strlen
calls=7 66 
* 112
+2 7
-2 7
+2 21
+5 7
+1 14
-1 7
+2 14
+11 35
+1 7
+6 7
-6 7
+6 91
+3 62
+3 62
-6 114
+1 114
+1 21
cfi=(113)
cfn=(544)
calls=7 61 
* 126
* 14
fi=(123)
94 14
fi=(124) /build/eglibc-SvCtMH/eglibc-2.19/stdio-common/../include/rounding-mode.h
-42 14
fe=(116)
995 10
fi=(124)
52 5
fe=(116)
995 10
+5 10
+5 30
+2 2
-2 4
+3 2
-3 16
+5 13
+1 2
+1 10
+2 8
+11 23
1172 21
853 7
-1 7
+1 21
+3 21
+2 7
-3 7
-1 7
+6 7
-2 7
+2 7
-7 7
+5 7
-5 14
584 12
+2 6
-2 6
+2 6
1233 14
-1 7
+18 21
+3 14
+7 21
-10 28
-76 14
+1 42
612 12
1168 12
cfi=(108)
cfn=(512)
calls=3 40 
* 311
* 3
+82 391
1015 4
+14 4
+2 7
+5 3
853 3
1168 8
623 7
1199 14
580 24
1250 190
cfi=(82)
cfn=(584)
calls=38 241 
* 1482
* 152

fl=(94) /build/eglibc-SvCtMH/eglibc-2.19/stdlib/../stdlib/strtol_l.c
fn=(410) ____strtol_l_internal
232 33600
+26 4200
-12 4200
-14 4200
+26 4200
+22 4200
-1 4200
+10 16800
+9 25200
+2 8400
+5 8400
+5 4200
-6 4200
+6 4200
+4 8400
+10 8400
+7 12600
-79 4200
376 4200
+3 8400
+59 4200
-59 4200
+1 8400
+4 4200
-4 4200
+58 4200
+2 8400
+16 4200
-74 4200
+1 4200
+57 4200
+38 4200
-22 4200
-14 12600
-2 16772
-2 8386
+4 8386
-2 8386
+2 16772
+28 37758
+3 50344
+5 12586
-40 12586
+41 25172
-41 41958
+46 8400
+5 12600
+6 8400
+3 12600
334 21000
496 12600
+35 4200
-18 4200
+18 29400

fl=(88)
fn=(378)
96 13970
+15 16764
cfi=(83)
cfn=(380) _IO_file_stat
calls=2794 1222 
* 39116
* 5588
+2 11176
+11 16761
+4 16764
cfi=(90)
cfn=(384) mmap
calls=2794 -47 
* 16764
* 5588
+1 13970
cfi=(82)
cfn=(386)
calls=2794 399 
* 58674
+1 2794
+1 13970
-13 1
fi=(144) /build/eglibc-SvCtMH/eglibc-2.19/libio/../sysdeps/unix/sysv/linux/sys/sysmacros.h
-77 6
fe=(88)
+77 1
-2 2
+8 1
-3 1
+3 2

fl=(77) /build/eglibc-SvCtMH/eglibc-2.19/malloc/morecore.c
fn=(318) __default_morecore
46 62364
+1 62364
cfi=(78)
cfn=(320)
calls=62364 -13 
* 1123557
+2 187092
+3 187092

fl=(85) /build/eglibc-SvCtMH/eglibc-2.19/string/../string/strstr.c
fn=(352) __GI_strstr
53 22344
+10 8379
+2 5586
+1 2793
+23 22344
-26 2793
-5 5586

fl=(112) /build/eglibc-SvCtMH/eglibc-2.19/libio/iofwrite.c
fn=(534) fwrite
35 1007139
+1 671426
-1 1342852
+4 671426
+2 6042834
+1 1675779
fi=(91) /build/eglibc-SvCtMH/eglibc-2.19/libio/libioP.h
904 671426
+1 1007139
fe=(112)
49 671426
-7 1393
+1 6965
cfi=(83)
cfn=(536)
calls=1393 1281 
* 488943
* 1671600
cfi=(83)
cfn=(536)
calls=334320 1281 
* 70111680
* 1342852
+10 335713
-3 335713
+3 1678565
fi=(91)
905 2014278
fe=(112)

fl=(79)
fn=(322)
31 47
-3 47
+3 329
+8 47
-6 94
+7 47

fl=(73)
fn=(298)
371 6
+13 1
-8 1
+8 1
+7 2
+1 2
-1 1
+1 10
cfi=(76)
cfn=(310)
calls=1 116 
* 9
+2 5
+16 2
-74 98
+16 49
-18 150
455 2
+6 2
+1 2
+2 1
+1 7
-80 5
cfi=(74) /build/eglibc-SvCtMH/eglibc-2.19/elf/dl-addr.c
cfn=(300) _dl_addr
calls=1 126 
* 57312
* 2
+1 4
-49 10
+1 4

fl=(43)
fn=(176)
37 1
-1 1
fi=(44)
+8 1
fe=(43)
-7 2
fi=(44)
+8 1
fe=(43)
-8 1
fi=(44)
+6 1
+5 3
+1 2
+13 2
-17 3
+3 9
+1 6
+13 6
-17 9
+22 1
fe=(43)
-30 2
+3 2
-3 1
+3 1
cfi=(45)
cfn=(180)
calls=1 -13 
* 7
* 3
+1 3

fl=(87) /build/eglibc-SvCtMH/eglibc-2.19/libio/getc.c
fn=(368) getc
35 60340
+3 60340
-3 60340
+3 905100
+1 357840
fi=(91)
904 120680
+1 482720
fe=(87)
42 181020
-3 2800
cfi=(82)
cfn=(370)
calls=1400 363 
* 302400
* 2800

fl=(113)
fn=(544)
61 334542
+4 334542
+3 191262
+1 191262
+2 212
+1 212
+2 212
+1 212
+5 212
+1 212
-1 191050
+1 191050
+2 191051
+1 191051
+2 191051
+1 191051
+5 191051
+1 191051
-1 211
+1 211
+2 95722
+1 95722
+2 95722
+1 95722
+5 95722
+1 95722
-1 95540
+1 95540
+2 191042
+1 191042
+2 191042
+1 382084
+5 191042
+1 191042
-1 220
+1 191463
+5 191243
+1 191243
+1 191243
+1 191243
+2 191243
+2 191243
+1 191243
+2 191243
+6 191262
+4 191262
+12 334320
+2 334320
+1 334320
+3 191040
+1 382080
+5 191040
+1 191040
+2 191040
+2 191040
+1 191040
+2 191040
-8 573120
+1 573120
+2 573120
+2 573120
+1 573120
+2 764160
+9 191040
+1 191040
-1 143280
+1 143280
+3 334320
+1 334320
+1 334320
+5 1671600
+2 1671600
+1 1671600
+1 1671600
+1 1671600
+2 1671600
+1 1671600
+1 1671600
+1 1671600
+2 1671600
+1 1671600
+2 1671600
+2 1480560
+2 1480560
+1 1480560
+1 1480560
+1 1480560
+2 1480560
+1 1480560
+1 1480560
+1 1480560
+2 1480560
+1 1480560
+2 1623840
+5 143280
+2 143280
-2 191040
+2 191040
+2 143280
+7 143280

fl=(54) /build/eglibc-SvCtMH/eglibc-2.19/misc/init-misc.c
fn=(226) __init_misc
30 4
+1 5
+2 3
cfi=(55)
cfn=(228)
calls=1 -9 
* 24
+4 5
+1 3
+2 4

fl=(59)
fn=(240)
33 3
+1 1

fl=(93) /build/eglibc-SvCtMH/eglibc-2.19/stdlib/../stdlib/strtol.c
fn=(408) strtol
108 16800
cfi=(94)
cfn=(410)
calls=4200 232 
* 604506

fl=(131)
fn=(632)
32 1
+1 1
+2 1
+1 1
+1 1
+1 1
+1 1

fl=(118)
fn=(566)
20 7
+1 7
-2 7
+1 7
+3 7
-2 7
+1 21
+1 21
+1 7

fl=(71)
fn=(588) systrim.isra.1
2738 187020
+10 41560
+1 62340
+2 20780
+1 41560
+1 20757
+46 166240
-37 83120
cfi=(77)
cfn=(318)
calls=20780 46 
* 540280
* 20780
+1 83120
-7 41560
+19 20780
-19 83120
+19 41560
cfi=(77)
cfn=(318)
calls=20780 46 
* 540809
+2 20780
+1 20780
-1 20780
+1 41560
+2 83120
cfi=(77)
cfn=(318)
calls=20780 46 
* 540280
+4 41560
+4 62340
+4 46
-1 23
+1 46
+2 46

fn=(480) posix_memalign
5013 4010
-5 4010
+8 4010
-3 4010
+16 4010
-15 4010
-6 4010
+6 20050
+15 4010
-14 8020
+5 12030
cfn=(482) _mid_memalign
calls=4010 3062 
* 825340
* 4010
+8 4010
-6 8020
+2 4010
+1 4010
+4 8020

fn=(482)
3062 4010
+5 4010
-5 12030
+5 4010
-5 4010
+6 8020
+4 8018
+52 12027
-51 8018
cfn=(312)
calls=4009 2878 
* 760981
+51 3
-55 1
cfi=(72)
cfn=(484)
calls=1 46 
* 202

fn=(483)
3062 1
+5 1
-5 3
+5 1
-5 1
+6 2
+4 2
+52 3
-51 2
cfn=(312)
calls=1 2878 
* 177

fn=(314) _int_malloc
3304 174811
+30 24973
-30 24973
+30 224757
+8 49946
+2 4197
+1 1399
+1 1399
-1 2798
+5 2798
+3 1980
+1 396
-1 396
+1 792
+25 49154
+2 7594
+1 7594
+2 11391
+2 2
1864 4179
3745 4179
1864 8358
3808 224757
3423 124680
+1 41560
+1 3009
cfn=(316) malloc_consolidate
calls=1003 4106 
* 163117
* 1003
3792 1003
4994 2006
3792 3009
+2 25075
4992 1003
+2 1003
-2 3009
3444 2006
3792 23574
4994 47148
3792 70722
+2 589350
4992 23574
+2 23574
-2 70722
3444 47148
+66 3984
+1 5976
+1 1992
+50 11952
+7 1992
-6 1992
+1 1992
+1 1992
+1 1992
+3 1992
3444 79707
+3 3783
-1 3783
+1 7566
+1 7566
+3 3783
+10 13128
+34 3783
-5 3783
+1 3783
+4 3783
+13 3984
-45 2781
-1 5562
+2 1791
-1 3582
3578 45572
+73 22786
+1 22786
+1 22786
-1 22786
+1 22786
+1 45572
+1 45572
+5 136752
+4 65391
+3 45628
-3 31212
+3 56
-3 42
+3 4
-3 2
3767 20794
+3 20794
-2 62382
+2 41588
+17 46
3676 15005
+2 30010
-4 34006
+8 1998
+3 3996
+2 6
+1 6
+1 6
-2 24
+62 6
3498 1791
-1 1791
+1 5373
3357 1980
3580 41560
+3 62340
3423 20780
-89 1003
3667 4012
+2 1003
+1 2006
3423 103900
3694 3984
+3 3984
+5 1992
-3 3984
+3 23904
+3 3984
+15 1992
-5 1992
+6 3984
+11 1992
-6 1992
+1 1992
+1 1992
+1 1992
+3 1992
+1 1992
+1 3984
+5 13944
+2 3984
-2 1992
+2 1992
+1 3984
5002 23
2273 92
+11 23
-11 23
+11 23
+87 23
-9 23
+9 155
+6 44
+3 69
2702 46
+1 6
+5 12
+3 12
-3 34
+3 34
+5 23
-3 23
+3 23
-2 23
+5 23
-3 69
+1 23
-1 23
-1 23
+1 46
+1 23
3803 46
1864 69
2274 46
3775 20771
-3 20771
+1 20771
+2 20771
-1 20771
+1 41542
+2 20771
-2 62313
1864 20771
3775 20771
+2 20771
+3 20771
1864 41542
2435 23
+19 46
-19 23
+9 23
+10 46
-10 23
+10 23
-10 69
+10 69
+8 23
-8 23
+8 23
+2 92
cfi=(77)
cfn=(318)
calls=23 46 
* 1074
* 46
+4 115
+3 46
+1 46
+19 23
+27 46
+1 1
+1 2
+6 1
-6 1
+6 1
-6 44
+6 22
-6 22
+6 66
+1 132
+2 6
+42 3
+19 1
+3 2
+1 6
+2 1
-2 1
+2 1
+1 4
cfi=(77)
cfn=(318)
calls=1 46 
* 26
+12 3
+8 2
+1 3
+39 1
+1 1
-2 1
+1 3
+12 1
-12 1
+1 1
+11 1
2529 2
2371 2
2571 3

fn=(464) _int_free
3816 199784
+13 24973
-13 24973
+13 49946
+6 99892
+1 49946
+11 99892
+13 74919
+11 5600
+1 4200
1871 1400
3896 1400
1871 2800
3898 4200
+1 2800
+1 1400
+3 1400
-3 1400
+9 4200
-5 5600
+14 2800
+2 1400
+2 8400
+2 2800
4089 11200
3935 47146
+1 70719
+18 23573
-4 23573
+4 47146
+6 47146
+8 70719
+6 47146
+1 47146
+1 47146
1871 70719
3985 47146
+1 30
+2 30
-1 30
+2 489
+3 47146
+5 5710
+1 14593
+1 1034
+11 1034
-1 1034
+2 2068
-1 1821
-1 1821
+2 3642
+7 2855
-2 2855
+1 2855
+1 2855
+2 62
+1 62
+2 62
+1 62
+2 186
+1 62
+30 124
-34 2793
+1 2793
+2 8379
+1 2793
+30 47022
+1 41560
+3 62340
3945 165011
+2 47146
4077 70719
+1 70719
+1 94292
+10 188584
-88 3642
+37 20718
+1 62154
+1 41436
+19 4
cfn=(316)
calls=2 +47 
* 324
* 2
+4 103900
+2 83120
cfn=(588)
calls=20780 2738 
* 2826747
* 20780
3962 70719
-2 47146

fn=(294) calloc
3163 1400
+13 4200
-13 1400
+10 2800
-10 4200
+13 2800
+10 2800
+1 2800
+12 13990
+7 1399
+8 1399
-7 2798
+7 2798
+7 4197
cfn=(314)
calls=1399 +83 
* 289468
+3 1399
-3 1399
+3 12591
+16 5596
+4 4197
+11 1399
-3 1399
+3 2798
-14 1399
+14 2798
+11 1399
+1 2798
+1 2798
+2 2798
-15 18
+16 2798
+25 6995
-25 1399
cfi=(80) /build/eglibc-SvCtMH/eglibc-2.19/string/../sysdeps/x86_64/memset.S
cfn=(324) memset
calls=1399 53 
* 30778
+25 5
-25 1
cfi=(80)
cfn=(324)
calls=1 53 
* 22
-81 3
cfi=(72)
cfn=(296)
calls=1 30 
* 58889
+1 2
+3 4

fn=(312)
2878 94296
+5 47148
+1 47148
+3 47148
+2 188592
+4 70722
cfn=(314)
calls=23574 3304 
* 3456719
+1 23574
-1 23574
+1 23574
+11 94296
+1 188592
+3 117870

fn=(462) free
2919 49946
+1 49946
+6 49946
+5 24973
-2 24973
+2 49946
+16 74919
+1 49946
cfn=(464)
calls=24973 3816 
* 5454015

fn=(316)
4106 8040
+22 2010
+1 3012
+12 1004
4994 1004
4131 1004
+11 1004
-1 1004
4992 1004
+2 1004
-2 4016
4144 2008
+1 2008
-1 18072
+1 27108
+22 1004
-1 1004
+1 13052
+4 1004
+4 1004
-3 1004
+1 1004
+2 1004
+5 1004
+1 1004
+1 1004
-2 1004
+12 1004
-12 1004
+3 1004
+9 1004
-41 1004
-3 1004
+3 2008
+1 1004
+1 2008
+2 2008
+7 2008
+3 2008
+30 40160
+6 8032
5001 1
4128 3
1787 1
+3 3
-3 128
+3 378
-3 252
+7 3
+5 1
+2 1
-2 1
4201 8
1798 3

fl=(83)
fn=(380)
1222 2794
+1 8382
cfi=(89)
cfn=(382)
calls=2794 34 
* 27940

fn=(426)
1364 2337300
+7 333900
-7 333900
+7 333900
+11 1335600
+2 1001700
+1 667800
+3 333900
+69 667800
-1 667800
+1 1335600
-70 1001700
cfi=(96)
cfn=(428)
calls=333900 61 
* 63328860
+1 667800

fn=(342)
143 2793
+4 2793
-4 8379
+5 2793
-1 2793
+3 2793
cfi=(82)
cfn=(344)
calls=2793 -51 
* 229026
+1 2793
+1 11172

fn=(732)
461 2
+1 1
cfi=(82)
cfn=(734)
calls=1 +95 
* 51
* 2
+4 2
-1 2
+2 3
+2 1
+1 2

fn=(346)
254 25137
+11 5586
+2 16751
+9 1393
-2 1393
+1 4179
-20 1393
+37 5572
-17 2800
-20 1400
+37 53081
-2 5586
+43 2793
224 2793
+1 5586
-1 2793
+4 2793
cfi=(84)
cfn=(348)
calls=2793 81 
* 19551
* 2793
+4 5586
+3 2793
-1 2793
+1 5586
+1 5586
-1 2793
+1 2793
+7 5586
cfi=(82)
cfn=(344)
calls=2793 99 
* 30723
353 8379
cfi=(85)
cfn=(352)
calls=2793 53 
* 69825
+1 2793
-1 2793
+1 2793
-62 5586
-21 1400
-1 1400
-15 2800
431 2793
-77 2793
+77 19551

fn=(538)
824 5824
+1 4368
+7 4616
+35 2912
+3 110
+3 165
+1 165
+1 220
+4 55
+1 220
-45 2788
+12 2788
+9 5576
+8 1394
-4 1394
+3 2788
-2 2788
-3 1394
+1 2788
+5 1394
-1 1394
+1 4182
+1 2
+3 1401
+1 1401
+11 4203
-12 1401
cfn=(540) _IO_do_write@@GLIBC_2.2.5
calls=1401 509 
* 21547
-31 2788
cfi=(82)
cfn=(376)
calls=1394 414 
* 140805
+1 8364

fn=(536)
1281 335737
+7 335737
-7 2350159
+6 671474
+7 2014380
+17 1342856
+1 668640
+3 1337317
+5 1337344
cfi=(113)
cfn=(544)
calls=334336 61 
* 53730350
* 334336
+6 334336
-1 334336
+1 668672
+2 1003008
+27 671460
+1 2685896
-45 2788
+17 4182
+4 5604
cfn=(538)
calls=1401 824 
* 229420
* 2802
+6 2802
+1 8406
+2 4203
+11 2802
+1 5576
cfi=(82)
cfn=(506)
calls=1394 447 
* 176361
* 2788
-57 48
+1 32
+3 48
+2 346
-2 230
+4 28

fn=(546) _IO_file_write@@GLIBC_2.2.5
1254 9800
+2 7000
+11 1400
+1 1400
-12 2800
+5 1400
-1 4200
+1 2800
cfi=(84)
cfn=(548)
calls=1400 81 
* 9800
+1 2800
+9 4200
+3 12600

fn=(540)
509 2794
+2 2794
-2 13970
+2 5588
+1 8364
+11 5600
+7 5600
+8 7000
cfn=(546)
calls=1400 1254 
* 60200
* 1400
+1 4200
+6 1400
-4 1400
+4 1400
-4 4200
+1 2800
+3 2793
-34 2786
+32 1393
-32 1393
+1 5572
-1 1393
+1 2786
-1 14
+32 7
-32 7
+1 28
-1 7
+1 14
+32 4193

fn=(374)
552 5600
+8 4200
+6 4200
+3 2800
+13 2800
+20 2800
cfi=(82)
cfn=(388)
calls=1400 182 
* 28000
+6 1400
+5 5600
-5 2800
+1 1400
+2 1400
-1 2800
+3 1400
cfn=(390) _IO_file_read
calls=1400 1204 
* 15400
+2 2800
+10 1400
-3 1400
+3 2800
+2 2800
+1 5600
-56 4200
+5 2800
cfi=(82)
cfn=(376)
calls=1400 414 
* 141400
* 2800

fn=(454) _IO_file_finish@@GLIBC_2.2.5
202 2793
+1 2793
-1 2793
+1 2793
+6 5586
+1 2793
-1 2793
cfi=(82)
cfn=(456)
calls=2793 686 
* 67032

fn=(736)
886 1
+5 1
-5 1
+5 3
+2 1
+1 2
+17 2
+4 2

fn=(390)
1204 5600
cfi=(84)
cfn=(392)
calls=1400 81 
* 9800

fn=(442) _IO_file_close_it@@GLIBC_2.2.5
158 8379
+2 2793
-2 2793
+2 5586
+4 2793
+3 2793
-3 2793
-1 5586
+6 2793
+3 2793
-3 2793
cfi=(82)
cfn=(444)
calls=2793 1119 
* 25137
+3 5586
+4 8379
+9 13965
cfi=(82)
cfn=(386)
calls=2793 399 
* 108927
+1 5586
+3 2793
-3 2793
+1 8379
+2 2793
cfi=(82)
cfn=(440)
calls=2793 60 
* 27930
+5 5586
-4 2793
+1 2793
+1 2793
+2 2793
+1 11172
-23 8379
cfn=(446) _IO_file_close
calls=2793 1245 
* 19551
* 5586
-7 9751
cfn=(540)
calls=1393 509 
* 129549
* 2786

fn=(446)
1245 5586
cfi=(84)
cfn=(448)
calls=2793 81 
* 13965

fl=(98) /build/eglibc-SvCtMH/eglibc-2.19/libio/iofclose.c
fn=(438) fclose@@GLIBC_2.2.5
40 8379
+14 2793
-14 2793
+14 8379
+3 50274
+4 8379
-3 5586
fi=(91)
904 5586
+1 8379
fe=(98)
63 11172
cfi=(83)
cfn=(454)
calls=2793 202 
* 89376
+1 8379
+18 16758
+2 2793
+1 5586
cfi=(71)
cfn=(462)
calls=2793 2919 
* 345302
cob=(1)
cfi=(61)
cfn=(252)
calls=1 -51 
* 598
* 2797
+4 13965
-10 5586
-20 5586
cfi=(83)
cfn=(442)
calls=2793 +99 
* 457695
* 8379
-4 2793
cfi=(82)
cfn=(440)
calls=2793 +5 
* 223440
* 8379
fi=(91)
905 16758
fe=(98)

fl=(102) /build/eglibc-SvCtMH/eglibc-2.19/debug/vsprintf_chk.c
fn=(498) __vsprintf_chk
65 33432
+7 4179
-3 4179
+3 12537
+3 33432
cfi=(82)
cfn=(338)
calls=4179 643 
* 183876
+1 4179
+1 16716
-2 4179
+1 4179
+1 4179
cfi=(103)
cfn=(500)
calls=4179 -38 
* 234024
+4 8358
+1 4179
+2 16716
cfi=(104)
cfn=(502)
calls=4179 235 
* 3310810
+2 8358
+2 33432

fl=(141)
fn=(716)
36 1
-8 2
+11 2
+1 3
+5 1
-6 2
+82 2

fl=(101) /build/eglibc-SvCtMH/eglibc-2.19/debug/sprintf_chk.c
fn=(496) __sprintf_chk
26 20895
+4 4179
+1 4179
-1 20895
+1 4179
cfi=(102)
cfn=(498)
calls=4179 +34 
* 3920944
+4 8358

fl=(117)
fn=(564)
27 7
-1 7
+1 7
+1 14
+1 7
+1 7

fl=(125)
fn=(582)
66 7
+1 7
+1 7
+1 7
+1 7
+1 7
+1 7
+2 7
+2 7
+30 7
+1 7
+1 7
+1 7
+1 7
+1 7
+1 7

fl=(80)
fn=(324)
53 1400
+1 1400
+1 1400
+1 1400
+1 1400
+2 1400
+1 1400
+8 1400
+9 1400
+1 1400
+1 1400
+1 1400
+1 1400
+1 1400
+1 1400
+1 1400
+1 1400
+1 1400
+1 1400
+1 1400
+1 1400
+1 1400

fl=(90)
fn=(384)
81 13970
+1 2794

fn=(450)
81 11172
+1 2793

fl=(66)
fn=(280)
26 1
+9 1
+1 2
+1 1
+4 1
+1 1
+1 1
+1 1
+1 1
+2 2
+2 1
+1 1
+3 2
+2 1
+9 1
cfi=(67) /build/eglibc-SvCtMH/eglibc-2.19/setjmp/sigjmp.c
cfn=(282) __sigjmp_save
calls=1 -35 
* 9

fl=(51)
fn=(220)
52 8
+6 3
+14 1
fi=(52) /build/eglibc-SvCtMH/eglibc-2.19/csu/../sysdeps/generic/dl-hash.h
-28 1
fe=(51)
+26 1
+1 1
fi=(53) /build/eglibc-SvCtMH/eglibc-2.19/csu/../sysdeps/unix/sysv/linux/x86_64/init-first.c
-33 1
fi=(52)
+7 1
fi=(53)
-7 1
fe=(51)
+34 1
fi=(53)
-34 2
fi=(52)
+5 1
+5 3
+1 2
+13 2
-17 3
+3 9
+1 6
+13 6
-17 9
+22 1
fi=(53)
-29 2
+2 2
-2 1
+2 2
cfi=(45)
cfn=(180)
calls=1 -13 
* 7
+1 2
+5 2
-3 2
+1 1
+2 1
cfi=(45)
cfn=(180)
calls=1 -19 
* 7
fe=(51)
+40 1
fi=(53)
-36 1
fe=(51)
+36 2
fi=(53)
-36 2
+1 2
+1 1
fe=(51)
+34 1
cfi=(54)
cfn=(226)
calls=1 -56 
* 48
+8 1
cfi=(56) /build/eglibc-SvCtMH/eglibc-2.19/ctype/ctype-info.c
cfn=(230) __ctype_init
calls=1 -63 
* 16
+5 6
-34 1
-7 1
+7 4
fi=(53)
-23 2
fe=(51)

fl=(86) /build/eglibc-SvCtMH/eglibc-2.19/libio/feof.c
fn=(362) feof
36 60340
-3 60340
+3 1146460
+1 181020
+1 603400
+2 120680

fl=(56)
fn=(230)
31 5
+2 1
-2 2
+2 3
+2 5

fl=(67)
fn=(282)
29 2
-1 2
+1 2
+5 3

fl=(74)
fn=(300)
126 9
+5 1
-5 2
+5 2
cob=(1)
cfi=(2)
cfn=(46)
calls=1 853 
* 2
+2 2
cob=(1)
cfi=(75)
cfn=(308)
calls=1 +49 
* 32
cob=(1)
cfi=(61)
cfn=(252)
calls=1 -99 
* 1145
* 5
+2 2
30 1
+1 1
-1 1
+1 1
+3 2
+5 1
+6 1
-7 1
+2 2
+2 1
-2 1
+2 1
+3 1
+5 7
+2 1
+1 2
-1 1010
+1 2020
+2 4930
+6 11075
+2 8860
+1 16270
+7 2215
-2 2215
+2 5441
-21 2022
+49 3
+1 1
+1 3
+3 2
+37 3
cob=(1)
cfi=(2)
cfn=(48)
calls=1 859 
* 2
+3 9
-28 1
+1 1
+21 2

fl=(64)
fn=(260)
57 6
-22 2
cfn=(262) __new_exitfn
calls=1 +38 
* 38
+2 2
+4 1
+3 1
+1 1
-4 2
+2 1
+4 1
+1 1
+11 4

fn=(262)
73 1
+6 2
-6 3
+6 4
+2 4
-7 2
+9 3
-2 1
+10 1
-10 3
+45 1
+1 1
+3 4
+3 5
-21 1
+1 2

fl=(128)
fn=(608)
56 306
+3 34
-3 170
+3 34
+13 34
+1 34
-16 34
+18 68
+6 136
+1 97
+1 29
-1 58
+1 58
-1 58
+4 34
-2 34
+2 68
+3 34
244 34
91 34
244 238
77 2
+1 4

fl=(106)
fn=(508)
73 2800
+12 2800
-12 5600
+2 19600
+18 2800

fl=(137)
fn=(674)
104 1
-1 1
+1 2
cfn=(676) __run_exit_handlers
calls=1 -69 
* 2609

fn=(676)
35 8
+5 1
cfi=(138)
cfn=(678)
calls=1 +42 
* 1018
* 1
+6 8
+4 6
+3 1
-1 1
+2 5
+33 1
+1 1
-1 1
+1 1
+6 2
+1 5
cfi=(82)
cfn=(728)
calls=1 1010 
* 255
* 3
+2 2
cfi=(142)
cfn=(738)
calls=1 -69 
* 5
-19 1
+4 2
-2 2
+2 1
cob=(1)
cfi=(139)
cfn=(686)
calls=1 +49 
* 1277
+1 1

fl=(95) /build/eglibc-SvCtMH/eglibc-2.19/libio/iofread.c
fn=(422) fread
35 1669500
+1 667800
-1 667800
+4 667800
+2 6010200
+1 1335600
cfi=(82)
cfn=(424)
calls=333900 495 
* 75349260
fi=(91)
904 333900
fe=(95)
42 333900
fi=(91)
904 333900
+1 3005100
fe=(95)
44 1001700
+1 2003400

fl=(92) /build/eglibc-SvCtMH/eglibc-2.19/ctype/../include/ctype.h
fn=(402) __ctype_b_loc
34 44772
+1 22386

ob=(4)
fl=(50)
fn=(702)
0 8
cob=(3)
cfi=(140)
cfn=(714)
calls=1 31 
0 59
cob=(1)
cfi=(61)
cfn=(252)
calls=1 34 
0 684
0 5
0 1
cfn=(720) 0x00000000000005c0
calls=1 0 
0 9
0 3

fn=(212)
0 16

fn=(720)
0 9

ob=(5)
fl=(70) /home/sasl/eleves/ei-se/3201795/EISE5/HPC/hpc/src/nrutil.c
fn=(412) ui8matrix
165 8385
+1 16770
-1 16770
+1 25155
-1 58695
+5 8385
-5 8385
+5 16770
cob=(3)
cfi=(71)
cfn=(312)
calls=8385 2878 
* 1646351
cob=(1)
cfi=(61)
cfn=(252)
calls=1 34 
* 775
* 8389
+1 25155
+5 8385
-3 33540
+3 33540
cob=(3)
cfi=(71)
cfn=(312)
calls=8385 2878 
* 1527748
* 8385
* 8385
+1 16770
-1 8385
+1 8385
+4 8385
-2 16770
+2 10150105
+2 25155
+1 8079836
+1 4039918
-1 6059877
+1 1292442708
-1 1938664062
-1 10083025
+6 75465

fn=(586) free_ui8matrix
414 8385
+1 33540
cob=(3)
cfi=(71)
cfn=(462)
calls=8385 2919 
* 2164284
* 8385
+1 8385
+1 8385
-1 8385
cob=(3)
cfi=(71)
cfn=(462)
calls=8385 2919 
* 2164495
* 8385

fn=(288) LoadPGM_ui8matrix
951 49
+12 7
-12 14
+12 7
-12 21
+12 7
cob=(3)
cfi=(71)
cfn=(294)
calls=7 3163 
* 60922
cob=(1)
cfi=(61)
cfn=(252)
calls=1 34 
* 774
* 11
+2 14
-2 7
+2 7
cob=(3)
cfi=(81)
cfn=(330)
calls=7 103 
* 4132
cob=(1)
cfi=(61)
cfn=(252)
calls=1 34 
* 752
* 11
+1 7
-1 7
+1 7
+5 28
cfn=(356) readitem
calls=7 -69 
* 6114
+2 70
-65 14
cob=(3)
cfi=(86)
cfn=(362)
calls=7 36 
* 252
* 7
* 406
cob=(3)
cfi=(86)
cfn=(362)
calls=203 36 
* 7308
* 203
* 420
+2 448
cob=(3)
cfi=(87)
cfn=(368)
calls=224 35 
* 8288
* 224
+1 224
-1 672
+1 294
+10 21
cob=(3)
cfi=(92)
cfn=(402)
calls=21 34 
* 63
* 21
* 63
-13 14
+18 14
-18 14
cob=(3)
cfi=(86)
cfn=(362)
calls=14 36 
* 504
* 14
* 28
+22 7
fi=(109) /usr/include/stdlib.h
280 21
fe=(70)
906 7
fi=(109)
280 14
cob=(3)
cfi=(93)
cfn=(408)
calls=7 108 
* 1036
cob=(1)
cfi=(61)
cfn=(252)
calls=1 34 
* 791
* 11
fe=(70)
977 21
-69 14
cob=(3)
cfi=(86)
cfn=(362)
calls=7 36 
* 252
* 7
* 14
cob=(3)
cfi=(86)
cfn=(362)
calls=7 36 
* 252
* 7
* 28
+2 56
cob=(3)
cfi=(87)
cfn=(368)
calls=28 35 
* 1036
* 28
+1 28
-1 56
+1 84
+10 21
cob=(3)
cfi=(92)
cfn=(402)
calls=21 34 
* 63
* 21
* 84
-13 14
+18 14
-18 14
cob=(3)
cfi=(86)
cfn=(362)
calls=14 36 
* 504
* 14
* 28
+22 7
fi=(109)
280 21
fe=(70)
906 7
fi=(109)
280 14
cob=(3)
cfi=(93)
cfn=(408)
calls=7 108 
* 1036
* 7
fe=(70)
978 14
-70 14
cob=(3)
cfi=(86)
cfn=(362)
calls=7 36 
* 252
* 7
* 14
cob=(3)
cfi=(86)
cfn=(362)
calls=7 36 
* 252
* 7
* 28
+2 56
cob=(3)
cfi=(87)
cfn=(368)
calls=28 35 
* 1036
* 28
+1 28
-1 56
+1 84
+10 21
cob=(3)
cfi=(92)
cfn=(402)
calls=21 34 
* 63
* 21
* 84
-13 14
+18 14
-18 14
cob=(3)
cfi=(86)
cfn=(362)
calls=14 36 
* 504
* 14
* 28
+22 7
fi=(109)
280 21
fe=(70)
987 7
fi=(109)
280 7
cob=(3)
cfi=(93)
cfn=(408)
calls=7 108 
* 1036
* 7
fe=(70)
981 7
+1 14
+2 7
-3 7
+1 7
+2 7
-1 7
+1 7
-1 7
+1 7
+1 28
cfn=(412)
calls=7 165 
* 2695548
+2 7
-2 7
+2 14
fi=(97) /usr/include/x86_64-linux-gnu/bits/stdio2.h
295 42
cob=(3)
cfi=(95)
cfn=(422)
calls=7 35 
* 1960
cob=(1)
cfi=(61)
cfn=(252)
calls=1 34 
* 767
* 11
* 10038
cob=(3)
cfi=(95)
cfn=(422)
calls=1673 35 
* 468440
* 1673
fe=(70)
987 3360
+4 14
cob=(3)
cfi=(98)
cfn=(438)
calls=7 40 
* 3535
cob=(1)
cfi=(61)
cfn=(252)
calls=1 34 
* 791
* 11
+1 14
cob=(3)
cfi=(71)
cfn=(462)
calls=7 2919 
* 595
cob=(1)
cfi=(61)
cfn=(252)
calls=1 34 
* 745
* 11
+3 63
-80 7
cob=(3)
cfi=(92)
cfn=(402)
calls=7 34 
* 21
* 7
* 42
cob=(3)
cfi=(92)
cfn=(402)
calls=14 34 
* 42
* 14
* 42
-1 28
+1 7
cob=(3)
cfi=(92)
cfn=(402)
calls=7 34 
* 21
* 7
* 28
+3 756
-3 63

fn=(642) copy_ui8matrix_ui8matrix
611 2388
-3 11940
+3 1194
-3 7164
+4 92845440
+1 91412640
-1 91412640
+1 365650560
-1 91412640
+1 286560
-1 286560
+1 1146240
-1 573120
-1 573120
+5 5970

fn=(514) MLoadPGM_ui8matrix
999 1393
+9 1393
-9 9751
+9 1393
-9 1393
+9 1393
cob=(3)
cfi=(71)
cfn=(294)
calls=1393 3163 
* 423209
* 1393
+2 2786
-2 1393
+2 1393
cob=(3)
cfi=(81)
cfn=(330)
calls=1393 103 
* 660282
* 1393
+1 1393
-1 1393
+1 1393
+5 5572
cfn=(356)
calls=1393 902 
* 739683
+2 13930
908 2786
cob=(3)
cfi=(86)
cfn=(362)
calls=1393 36 
* 50148
* 1393
* 81102
cob=(3)
cfi=(86)
cfn=(362)
calls=40551 36 
* 1459836
* 40551
* 83888
+2 89460
cob=(3)
cfi=(87)
cfn=(368)
calls=44730 35 
* 1655010
* 44730
+1 44730
-1 89460
+1 58660
+10 4179
cob=(3)
cfi=(92)
cfn=(402)
calls=4179 34 
* 12537
* 4179
* 16716
-13 2786
+18 2786
-18 2786
cob=(3)
cfi=(86)
cfn=(362)
calls=2786 36 
* 100296
* 2786
* 5572
+22 1393
fi=(109)
280 4179
fe=(70)
906 1393
fi=(109)
280 2786
cob=(3)
cfi=(93)
cfn=(408)
calls=1393 108 
* 206164
* 1393
* 2786
fe=(70)
908 2786
cob=(3)
cfi=(86)
cfn=(362)
calls=1393 36 
* 50148
* 1393
* 2786
cob=(3)
cfi=(86)
cfn=(362)
calls=1393 36 
* 50148
* 1393
* 5572
+2 11116
cob=(3)
cfi=(87)
cfn=(368)
calls=5558 35 
* 205646
* 5558
+1 5558
-1 11116
+1 16674
+10 4165
cob=(3)
cfi=(92)
cfn=(402)
calls=4165 34 
* 12495
* 4165
* 16660
-13 2772
+18 2772
-18 2772
cob=(3)
cfi=(86)
cfn=(362)
calls=2772 36 
* 99792
* 2772
* 5544
+22 1393
fi=(109)
280 4179
fe=(70)
906 1393
fi=(109)
280 2786
cob=(3)
cfi=(93)
cfn=(408)
calls=1393 108 
* 205870
* 1393
* 1393
fe=(70)
908 2786
cob=(3)
cfi=(86)
cfn=(362)
calls=1393 36 
* 50148
* 1393
* 2786
cob=(3)
cfi=(86)
cfn=(362)
calls=1393 36 
* 50148
* 1393
* 5572
+2 11144
cob=(3)
cfi=(87)
cfn=(368)
calls=5572 35 
* 206164
* 5572
+1 5572
-1 11144
+1 16716
+10 4179
cob=(3)
cfi=(92)
cfn=(402)
calls=4179 34 
* 12537
* 4179
* 16716
-13 2786
+18 2786
-18 2786
cob=(3)
cfi=(86)
cfn=(362)
calls=2786 36 
* 100296
* 2786
* 5572
+22 1393
fi=(109)
280 5572
cob=(3)
cfi=(93)
cfn=(408)
calls=1393 108 
* 206164
* 1393
fe=(70)
1026 12537
fi=(97)
295 8358
cob=(3)
cfi=(95)
cfn=(422)
calls=1393 35 
* 388794
* 1393
* 1984962
cob=(3)
cfi=(95)
cfn=(422)
calls=330827 35 
* 92520666
* 330827
fe=(70)
1026 664440
+4 2786
cob=(3)
cfi=(98)
cfn=(438)
calls=1393 40 
* 583667
* 1393
+1 1393
+1 9751
-1 1393
cob=(3)
cfi=(71)
cfn=(462)
calls=1393 2919 
* 118405
* 1393
915 1393
cob=(3)
cfi=(92)
cfn=(402)
calls=1393 34 
* 4179
* 1393
* 8358
cob=(3)
cfi=(92)
cfn=(402)
calls=2786 34 
* 8358
* 2786
* 11144
-1 5572
+1 1393
cob=(3)
cfi=(92)
cfn=(402)
calls=1393 34 
* 4179
* 1393
* 5572
+3 151060
-3 12537

fn=(356)
902 5600
+5 1400
-5 4200
+4 1400
-4 4200
+6 2800
cob=(3)
cfi=(86)
cfn=(362)
calls=1400 36 
* 50400
cob=(1)
cfi=(61)
cfn=(252)
calls=1 34 
* 760
* 1404
* 2800
cob=(3)
cfi=(86)
cfn=(362)
calls=1400 36 
* 50400
* 1400
* 5600
+2 8400
cob=(3)
cfi=(87)
cfn=(368)
calls=4200 35 
* 459200
cob=(1)
cfi=(61)
cfn=(252)
calls=1 34 
* 767
* 4204
+1 4200
-1 12600
+1 12600
+10 2800
cob=(3)
cfi=(92)
cfn=(402)
calls=2800 34 
* 8400
* 2800
* 8400
-13 1400
+18 1400
-18 1400
cob=(3)
cfi=(86)
cfn=(362)
calls=1400 36 
* 50400
* 1400
* 2800
+22 1400
+2 12600
-17 1400
cob=(3)
cfi=(92)
cfn=(402)
calls=1400 34 
* 4200
cob=(1)
cfi=(61)
cfn=(252)
calls=1 34 
* 858
* 1404
* 8400

fn=(526) SavePGM_ui8matrix
1036 1393
+2 1393
-2 2786
+9 1393
-9 1393
+2 1393
-2 12537
+1 2786
+8 1393
-8 2786
+8 1393
cob=(3)
cfi=(81)
cfn=(330)
calls=1393 103 
* 729335
* 1393
+1 1393
-1 1393
+1 1393
fi=(97)
33 12537
cob=(3)
cfi=(101)
cfn=(496)
calls=1393 -7 
* 1575483
* 1393
fe=(70)
1053 47362
+1 1393
-1 11144
cob=(3)
cfi=(112)
cfn=(534)
calls=1393 35 
* 575309
cob=(1)
cfi=(61)
cfn=(252)
calls=1 34 
* 774
* 1397
+1 4179
946 8358
cob=(3)
cfi=(112)
cfn=(534)
calls=1393 35 
* 387851
* 1393
* 1997562
cob=(3)
cfi=(112)
cfn=(534)
calls=332927 35 
* 90785989
* 332927
1054 668640
+4 2786
cob=(3)
cfi=(98)
cfn=(438)
calls=1393 40 
* 738688
* 1393
+1 15323

fl=(129) /home/sasl/eleves/ei-se/3201795/EISE5/HPC/hpc/src/morpho_simd.c
fn=(612) fermeture3x3_SIMD
418 1990
+1 5970
-1 1990
+1 1990
-1 11940
+1 1990
-1 3980
+1 1990
-1 5970
+1 11940
cfi=(99) /home/sasl/eleves/ei-se/3201795/EISE5/HPC/hpc/src/vnrutil.c
cfn=(474) vui8matrix
calls=1990 267 
* 3476928
+1 11940
-1 1990
+1 1990
cfn=(614) dilatation3x3_SIMD_B
calls=1990 -50 
* 217369690
+1 13930
cfn=(618) erosion3x3_SIMD_B
calls=1990 166 
* 217369690
+1 7960
+1 1990
-1 1990
+1 11940
-1 5970
cfi=(99)
cfn=(590) free_vui8matrix
calls=1990 -8 
* 1050720

fn=(614)
370 5970
-17 43780
+19 1990
+1 1990
+12 1990
-11 1990
+11 1990
fi=(126) /usr/lib/gcc/x86_64-linux-gnu/4.8/include/emmintrin.h
1260 5970
-94 3980
fe=(129)
385 1990
-13 475610
+1 475610
+12 475610
-11 475610
+11 475610
fi=(126)
1260 1426830
-94 951220
fe=(129)
385 34862810
fi=(126)
1260 17193600
fe=(129)
385 8596800
fi=(126)
1160 8596800
1260 8596800
1160 8596800
1260 8596800
696 8596800
1166 17193600
+94 17193600
1160 8596800
1260 8596800
-94 8596800
696 8596800
1166 8596800
+94 8596800
fe=(129)
385 8596800
fi=(126)
1260 477600
fe=(129)
385 477600
fi=(126)
1160 477600
1260 477600
1160 477600
1260 477600
696 477600
1166 955200
+94 955200
1160 477600
1260 477600
-94 477600
696 477600
1166 477600
+94 477600
fe=(129)
385 955200
fi=(126)
1160 477600
696 1910400
1160 477600
1260 477600
fe=(129)
370 477600
fi=(126)
1260 477600
696 477600
fe=(129)
370 477600
+45 11940

fn=(618)
166 5970
-15 43780
+17 1990
+1 1990
+11 1990
-10 1990
+10 1990
fi=(126)
1248 5970
-82 3980
fe=(129)
180 1990
-12 475610
+1 475610
+11 475610
-10 475610
+10 475610
fi=(126)
1248 1426830
-82 951220
fe=(129)
180 34862810
fi=(126)
1248 17193600
fe=(129)
180 8596800
fi=(126)
1160 8596800
+88 8596800
-88 8596800
+88 8596800
696 8596800
1166 17193600
+94 8596800
-12 8596800
-88 8596800
+88 8596800
-82 8596800
696 8596800
1166 8596800
+94 8596800
fe=(129)
180 8596800
fi=(126)
1248 477600
fe=(129)
180 477600
fi=(126)
1160 477600
+88 477600
-88 477600
+88 477600
696 477600
1166 955200
+94 477600
-12 477600
-88 477600
+88 477600
-82 477600
696 477600
1166 477600
+94 477600
fe=(129)
180 955200
fi=(126)
1160 477600
696 1910400
1160 477600
+88 477600
fe=(129)
166 477600
fi=(126)
1248 477600
696 477600
fe=(129)
166 477600
+44 11940

fl=(68)
fn=(284)
53 1
+2 2
cfi=(69) /home/sasl/eleves/ei-se/3201795/EISE5/HPC/hpc/src/test_mouvement_SSE2.c
cfn=(286) test_routine_FrameDifference_SSE2
calls=1 218 
* 289974784
+1 2
cfi=(69)
cfn=(594) test_routine_sigmaDelta_SSE2
calls=1 370 
* 1023315174
+1 2
cfi=(69)
cfn=(610) test_routine_FrameDifference_SSE2M
calls=1 289 
* 570204148
+3 2
cfi=(133) /home/sasl/eleves/ei-se/3201795/EISE5/HPC/hpc/src/test_mouvement.c
cfn=(636) test_routine_FrameDifference
calls=1 +33 
* 3980845483
+1 2
cfi=(133)
cfn=(648) test_routine_sigmaDelta
calls=1 -43 
* 8645904669
+2 2
cfi=(133)
cfn=(658) test_routine_FrameDifferenceMorpho3x3ouverture
calls=1 +72 
* 6834571276
+1 2
cfi=(133)
cfn=(666) test_routine_FrameDifferenceMorpho3x3fermeture
calls=1 183 
* 6834564460
+10 3

fl=(133)
fn=(666)
183 3
+19 1
-19 4
+14 4
-14 1
+14 1
-14 3
+14 1
cfi=(70)
cfn=(288)
calls=1 951 
* 460435
+1 4
-1 1
+1 1
cfi=(70)
cfn=(412)
calls=1 -33 
* 385298
* 1
+1 9
cfi=(70)
cfn=(412)
calls=1 -34 
* 396263
* 1
+1 9
cfi=(70)
cfn=(412)
calls=1 -35 
* 396392
-11 1
+11 1
-11 2
fi=(97)
33 7
cob=(3)
cfi=(101)
cfn=(496)
calls=1 -7 
* 894
* 1
* 1386
cob=(3)
cfi=(101)
cfn=(496)
calls=198 -7 
* 170292
* 198
fe=(133)
205 1194
fi=(97)
33 199
fe=(133)
205 199
cfi=(70)
cfn=(514)
calls=199 999 
* 14909332
+2 2189
cfi=(134) /home/sasl/eleves/ei-se/3201795/EISE5/HPC/hpc/src/mouvement.c
cfn=(638) routine_FrameDifference
calls=199 36 
* 382712621
fi=(97)
33 1393
cob=(3)
cfi=(101)
cfn=(496)
calls=199 -7 
* 168798
* 199
fe=(133)
210 398
fi=(111) /usr/lib/gcc/x86_64-linux-gnu/4.8/include/ia32intrin.h
97 398
fe=(133)
210 398
fi=(111)
97 1592
fe=(133)
210 11542
cfi=(136) /home/sasl/eleves/ei-se/3201795/EISE5/HPC/hpc/src/morpho.c
cfn=(670) fermeture3x3
calls=995 54 
* 3148695410
* 6965
cfi=(136)
cfn=(670)
calls=995 54 
* 3148695410
* 3980
fi=(111)
97 1990
fe=(133)
210 8159
+3 796
-11 199
+8 199
+3 398
-2 398
+2 199
cfi=(70)
cfn=(526)
calls=199 1036 
* 14916642
+1 1393
cfi=(70)
cfn=(642)
calls=199 611 
* 122604696
-12 398
+15 1
+1 2
fi=(97)
104 2
fe=(133)
217 1
+1 4
fi=(97)
104 1
fe=(133)
218 2
fi=(97)
104 1
cob=(3)
cfi=(114)
cfn=(558)
calls=1 -78 
* 372
* 1
* 5
cob=(3)
cfi=(114)
cfn=(558)
calls=1 -78 
* 2759
* 1
fe=(133)
222 6
cfi=(70)
cfn=(586)
calls=1 414 
* 570
+1 6
cfi=(70)
cfn=(586)
calls=1 414 
* 603
+1 10
cfi=(70)
cfn=(586)
calls=1 414 
* 590
+1 10
cfi=(70)
cfn=(586)
calls=1 414 
* 604
+2 11

fn=(648)
18 10
fi=(97)
+15 1
fe=(133)
+7 2
fi=(97)
-7 1
fe=(133)
+7 1
fi=(97)
-7 1
fe=(133)
+7 2
fi=(97)
-7 3
fe=(133)
+7 1
cfi=(70)
cfn=(288)
calls=1 951 
* 460435
+1 2
-1 1
+1 3
cfi=(70)
cfn=(412)
calls=1 165 
* 385298
* 1
+1 9
cfi=(70)
cfn=(412)
calls=1 165 
* 396263
+3 2
-3 1
+3 3
cfi=(70)
cfn=(412)
calls=1 165 
* 385096
+1 4
-1 1
+1 1
cfi=(70)
cfn=(412)
calls=1 165 
* 384967
+2 2
-2 1
+2 3
cfi=(70)
cfn=(412)
calls=1 165 
* 385096
+1 4
-1 1
+1 1
cfi=(70)
cfn=(412)
calls=1 165 
* 384967
* 2
+2 8
cfi=(134)
cfn=(650) routine_SigmaDelta_step0
calls=1 +4 
* 692896
-27 1
+29 1
-29 2
fi=(97)
+9 6
fe=(133)
+23 1
fi=(97)
-23 1
cob=(3)
cfi=(101)
cfn=(496)
calls=1 -7 
* 894
* 1
* 1188
fe=(133)
+23 198
fi=(97)
-23 198
cob=(3)
cfi=(101)
cfn=(496)
calls=198 -7 
* 170292
* 198
fe=(133)
+23 1393
cfi=(70)
cfn=(514)
calls=199 999 
* 14909332
+3 398
fi=(111)
+38 398
fe=(133)
-38 398
fi=(111)
+38 1592
fe=(133)
-38 20497
cfi=(134)
cfn=(652) routine_SigmaDelta_1step
calls=995 +8 
* 4122205156
* 15920
cfi=(134)
cfn=(652)
calls=995 +8 
* 4122164800
* 3980
fi=(111)
+38 1990
fe=(133)
-38 8159
fi=(97)
-26 995
fe=(133)
+26 199
fi=(97)
-26 199
fe=(133)
+27 398
fi=(97)
-27 199
cob=(3)
cfi=(101)
cfn=(496)
calls=199 -7 
* 176161
* 199
fe=(133)
+31 1393
cfi=(70)
cfn=(526)
calls=199 1036 
* 14916642
+1 1393
cfi=(70)
cfn=(642)
calls=199 611 
* 122604696
+1 1393
cfi=(70)
cfn=(642)
calls=199 611 
* 122604696
+1 1393
cfi=(70)
cfn=(642)
calls=199 611 
* 122604696
-14 597
+22 1
+1 2
fi=(97)
+28 2
fe=(133)
-29 1
+1 4
fi=(97)
+28 1
fe=(133)
-28 2
fi=(97)
+28 1
cob=(3)
cfi=(114)
cfn=(558)
calls=1 -78 
* 305
* 1
* 5
cob=(3)
cfi=(114)
cfn=(558)
calls=1 -78 
* 2820
* 1
fe=(133)
-22 10
cfi=(70)
cfn=(586)
calls=1 414 
* 570
+1 6
cfi=(70)
cfn=(586)
calls=1 414 
* 586
+1 6
cfi=(70)
cfn=(586)
calls=1 414 
* 603
+1 6
cfi=(70)
cfn=(586)
calls=1 414 
* 590
+1 6
cfi=(70)
cfn=(586)
calls=1 414 
* 590
+1 6
cfi=(70)
cfn=(586)
calls=1 414 
* 590
+1 6
cfi=(70)
cfn=(586)
calls=1 414 
* 604
+2 11

fn=(658)
135 3
+19 1
-19 4
+14 4
-14 1
+14 1
-14 3
+14 1
cfi=(70)
cfn=(288)
calls=1 951 
* 460435
+1 4
-1 1
+1 1
cfi=(70)
cfn=(412)
calls=1 +15 
* 385298
* 1
+1 9
cfi=(70)
cfn=(412)
calls=1 +14 
* 396263
* 1
+1 9
cfi=(70)
cfn=(412)
calls=1 +13 
* 396392
-11 1
+11 1
-11 2
fi=(97)
33 7
cob=(3)
cfi=(101)
cfn=(496)
calls=1 -7 
* 894
* 1
* 1386
cob=(3)
cfi=(101)
cfn=(496)
calls=198 -7 
* 170292
* 198
fe=(133)
157 1194
fi=(97)
33 199
fe=(133)
157 199
cfi=(70)
cfn=(514)
calls=199 999 
* 14909332
+2 2189
cfi=(134)
cfn=(638)
calls=199 36 
* 382712621
fi=(97)
33 1393
cob=(3)
cfi=(101)
cfn=(496)
calls=199 -7 
* 175564
* 199
fe=(133)
162 398
fi=(111)
-65 398
fe=(133)
+65 398
fi=(111)
-65 1592
fe=(133)
+65 11542
cfi=(136)
cfn=(662) ouverture3x3
calls=995 62 
* 3148695410
* 6965
cfi=(136)
cfn=(662)
calls=995 62 
* 3148695410
* 3980
fi=(111)
-65 1990
fe=(133)
+65 8159
+3 796
-11 199
+8 199
+3 398
-2 398
+2 199
cfi=(70)
cfn=(526)
calls=199 1036 
* 14916642
+1 1393
cfi=(70)
cfn=(642)
calls=199 611 
* 122604696
-12 398
+16 1
+1 2
fi=(97)
-67 2
fe=(133)
+66 1
+1 4
fi=(97)
-67 1
fe=(133)
+67 2
fi=(97)
-67 1
cob=(3)
cfi=(114)
cfn=(558)
calls=1 -78 
* 419
* 1
* 5
cob=(3)
cfi=(114)
cfn=(558)
calls=1 -78 
* 2762
* 1
fe=(133)
+71 6
cfi=(70)
cfn=(586)
calls=1 414 
* 570
+1 6
cfi=(70)
cfn=(586)
calls=1 414 
* 603
+1 10
cfi=(70)
cfn=(586)
calls=1 414 
* 590
+1 10
cfi=(70)
cfn=(586)
calls=1 414 
* 604
+2 11

fn=(636)
93 3
+14 1
-14 5
+14 4
-14 3
+14 1
cfi=(70)
cfn=(288)
calls=1 951 
* 460435
+1 2
-1 1
+1 3
cfi=(70)
cfn=(412)
calls=1 +57 
* 385298
* 1
+1 9
cfi=(70)
cfn=(412)
calls=1 +56 
* 396263
-11 1
+11 1
+2 1
-13 2
fi=(97)
-65 6
fe=(133)
+81 1
fi=(97)
-81 1
cob=(3)
cfi=(101)
cfn=(496)
calls=1 -7 
* 894
* 1
* 1188
fe=(133)
+81 198
fi=(97)
-81 198
cob=(3)
cfi=(101)
cfn=(496)
calls=198 -7 
* 170292
* 198
fe=(133)
+81 1393
cfi=(70)
cfn=(514)
calls=199 999 
* 14909332
+1 398
fi=(111)
-18 398
fe=(133)
+18 398
fi=(111)
-18 1592
fe=(133)
+18 14527
cfi=(134)
cfn=(638)
calls=995 -79 
* 1913402471
* 9950
cfi=(134)
cfn=(638)
calls=995 -79 
* 1913362115
* 3980
fi=(111)
-18 1990
fe=(133)
+18 8159
fi=(97)
-82 995
fe=(133)
+82 199
fi=(97)
-82 199
fe=(133)
+83 398
fi=(97)
-83 199
cob=(3)
cfi=(101)
cfn=(496)
calls=199 -7 
* 181932
* 199
fe=(133)
+87 1393
cfi=(70)
cfn=(526)
calls=199 1036 
* 14916642
+1 1393
cfi=(70)
cfn=(642)
calls=199 611 
* 122604696
-10 597
+12 1
+1 2
fi=(97)
-20 2
fe=(133)
+19 1
+1 4
fi=(97)
-20 1
fe=(133)
+20 2
fi=(97)
-20 1
cob=(3)
cfi=(114)
cfn=(558)
calls=1 -78 
* 334
* 1
* 5
cob=(3)
cfi=(114)
cfn=(558)
calls=1 -78 
* 2762
* 1
fe=(133)
+24 6
cfi=(70)
cfn=(586)
calls=1 414 
* 570
+1 6
cfi=(70)
cfn=(586)
calls=1 414 
* 603
+1 10
cfi=(70)
cfn=(586)
calls=1 414 
* 604
+1 11

fl=(136)
fn=(670)
54 1990
+1 1990
-1 15920
+1 1990
-1 1990
+1 1990
-1 1990
+1 1990
-19 1990
+18 1990
+1 15920
cfi=(70)
cfn=(412)
calls=1990 165 
* 788563370
-19 17910
+2 154264800
+7 1675898400
+3 152354400
-3 304708800
-7 152354400
+10 152354400
-10 152354400
+7 5253600
+3 477600
-3 955200
-7 477600
+10 477600
-10 955200
-2 959180
-19 154264800
+7 1675898400
+3 152354400
-3 304708800
-7 152354400
+10 152354400
-10 152354400
+7 5253600
+3 477600
-3 955200
-7 477600
+10 477600
-10 955200
-2 955200
+43 9950
+1 13930
-1 1990
cfi=(70)
cfn=(586)
calls=1990 414 
* 1046740

fn=(662)
62 1990
+1 1990
-1 15920
+1 1990
-1 1990
+1 1990
-1 1990
+1 1990
-48 1990
+47 1990
+1 15920
cfi=(70)
cfn=(412)
calls=1990 165 
* 788563370
-48 17910
+2 154264800
+7 1675898400
+3 152354400
-3 304708800
-7 152354400
+10 152354400
-10 152354400
+7 5253600
+3 477600
-3 955200
-7 477600
+10 477600
-10 955200
-2 959180
+23 154264800
+7 1675898400
+3 152354400
-3 304708800
-7 152354400
+10 152354400
-10 152354400
+7 5253600
+3 477600
-3 955200
-7 477600
+10 477600
-10 955200
-2 955200
+30 9950
+1 13930
-1 1990
cfi=(70)
cfn=(586)
calls=1990 414 
* 1046740

fl=(69)
fn=(594)
370 1
+20 1
-20 6
+20 4
-20 3
+20 1
cfi=(70)
cfn=(288)
calls=1 951 
* 460435
+1 4
-1 1
+1 1
cfi=(70)
cfn=(412)
calls=1 165 
* 385298
+1 4
-1 1
+1 1
cfi=(70)
cfn=(412)
calls=1 165 
* 384967
* 1
+4 13
cfi=(99)
cfn=(470) s2v
calls=1 56 
* 17
+3 5
cfi=(99)
cfn=(472) vui8matrix_s
calls=1 36 
* 1862
+1 2
-1 1
+1 3
cfi=(99)
cfn=(472)
calls=1 36 
* 1733
+1 2
-1 1
+1 3
cfi=(99)
cfn=(472)
calls=1 36 
* 1862
+2 2
-2 1
+2 3
cfi=(99)
cfn=(472)
calls=1 36 
* 1733
+1 4
-1 1
+1 1
cfi=(99)
cfn=(472)
calls=1 36 
* 1863
+2 4
-2 1
+2 1
cfi=(99)
cfn=(472)
calls=1 36 
* 1733
+1 4
-1 1
+1 1
cfi=(99)
cfn=(472)
calls=1 36 
* 1863
+3 2
-3 1
+3 2
23 18
+2 1200
+4 720
+2 240
-2 240
+2 480
-6 480
+4 13680
+2 4560
-2 4560
+2 9120
-6 9360
-2 485
411 6
cfi=(110) /home/sasl/eleves/ei-se/3201795/EISE5/HPC/hpc/src/mouvement_SSE2.c
cfn=(596) routine_SigmaDelta_step0SSE2
calls=1 48 
* 44679
-34 1
+36 1
-36 2
fi=(97)
33 7
cob=(3)
cfi=(101)
cfn=(496)
calls=1 -7 
* 894
* 1
* 1386
cob=(3)
cfi=(101)
cfn=(496)
calls=198 -7 
* 170292
* 198
fe=(69)
416 1393
cfi=(70)
cfn=(514)
calls=199 999 
* 14867554
+1 796
23 3781
+2 238800
+4 143280
+2 47760
-2 47760
+2 95520
-6 95520
+4 2722320
+2 907440
-2 907440
+2 1814880
-6 1862640
-2 96316
420 796
fi=(111)
97 398
fe=(69)
420 19303
cfi=(110)
cfn=(598) routine_SigmaDelta_1stepSSE2
calls=995 68 
* 447336080
* 15920
cfi=(110)
cfn=(598)
calls=995 68 
* 447336080
* 8955
fi=(111)
97 1990
fe=(69)
420 11144
fi=(111)
97 1592
fe=(69)
420 1791
+4 597
-4 199
+4 199
44 199
421 398
44 3781
+2 238800
+2 47760
fi=(126)
696 95520
fe=(69)
52 47760
fi=(126)
696 47760
fe=(69)
52 2483520
-4 907440
fi=(126)
696 1814880
fe=(69)
52 907440
fi=(126)
696 907440
fe=(69)
52 50530080
-6 95520
+6 9074400
-6 1910400
-2 95520
fi=(97)
-11 1393
cob=(3)
cfi=(101)
cfn=(496)
calls=199 -7 
* 168798
* 199
fe=(69)
426 1393
cfi=(70)
cfn=(526)
calls=199 1036 
* 12751323
+1 1393
cfi=(99)
cfn=(552) dup_vui8matrix
calls=199 1054 
* 7025098
+1 1393
cfi=(99)
cfn=(552)
calls=199 1054 
* 7025098
+1 1393
cfi=(99)
cfn=(552)
calls=199 1054 
* 7025098
-16 597
+22 1
+1 2
fi=(97)
104 2
fe=(69)
435 1
+1 4
fi=(97)
104 1
fe=(69)
436 2
fi=(97)
104 1
cob=(3)
cfi=(114)
cfn=(558)
calls=1 -78 
* 358
* 1
* 5
cob=(3)
cfi=(114)
cfn=(558)
calls=1 -78 
* 2589
* 1
fe=(69)
442 6
cfi=(70)
cfn=(586)
calls=1 -28 
* 735
+1 6
cfi=(70)
cfn=(586)
calls=1 -29 
* 603
+1 6
cfi=(70)
cfn=(586)
calls=1 -30 
* 590
+1 6
cfi=(99)
cfn=(590)
calls=1 -31 
* 592
+1 6
cfi=(99)
cfn=(590)
calls=1 -32 
* 592
+1 6
cfi=(99)
cfn=(590)
calls=1 -33 
* 557
+1 6
cfi=(99)
cfn=(590)
calls=1 -34 
* 586
+1 6
cfi=(99)
cfn=(590)
calls=1 -35 
* 586
+1 6
cfi=(99)
cfn=(590)
calls=1 -36 
* 586
+1 6
cfi=(99)
cfn=(590)
calls=1 -37 
* 606
+4 11

fn=(286)
218 4
+18 1
-18 4
+18 4
-18 3
+18 1
cfi=(70)
cfn=(288)
calls=1 951 
* 528087
+1 4
-1 1
+1 1
cfi=(70)
cfn=(412)
calls=1 -72 
* 385299
+1 4
-1 1
+1 1
cfi=(70)
cfn=(412)
calls=1 -73 
* 384967
* 1
+4 13
cfi=(99)
cfn=(470)
calls=1 56 
* 17
+3 5
cfi=(99)
cfn=(472)
calls=1 36 
* 2799
+1 2
-1 1
+1 3
cfi=(99)
cfn=(472)
calls=1 36 
* 1733
+1 2
-1 1
+1 3
cfi=(99)
cfn=(472)
calls=1 36 
* 1863
+1 1
-1 1
+1 1
cfi=(99)
cfn=(490) init_vuint8
calls=1 540 
* 4
+2 2
-2 1
+2 2
23 18
+2 1200
+4 720
+2 240
-2 240
+2 480
-6 480
+4 13680
+2 4560
-2 4560
+2 9120
-6 9360
-2 480
224 1
+29 1
-29 2
fi=(97)
33 7
cob=(3)
cfi=(101)
cfn=(496)
calls=1 -7 
* 894
cob=(1)
cfi=(61)
cfn=(252)
calls=1 +1 
* 904
* 5
* 1386
cob=(3)
cfi=(101)
cfn=(496)
calls=198 -7 
* 170292
* 198
fe=(69)
256 1393
cfi=(70)
cfn=(514)
calls=199 999 
* 14867554
+1 796
23 3781
+2 238800
+4 143280
+2 47760
-2 47760
+2 95520
-6 95520
+4 2722320
+2 907440
-2 907440
+2 1814880
-6 1862640
-2 96316
260 597
fi=(111)
97 398
fe=(69)
260 10348
cfi=(110)
cfn=(520) routine_FrameDifference_SSE2
calls=995 17 
* 87692335
* 6965
cfi=(110)
cfn=(520)
calls=995 17 
* 87692335
* 8955
fi=(111)
97 2985
fe=(69)
260 11144
fi=(111)
97 1592
fe=(69)
260 1791
+3 597
-3 199
+3 199
44 199
261 398
44 3781
+2 238800
+2 47760
fi=(126)
696 95520
fe=(69)
52 47760
fi=(126)
696 47760
fe=(69)
52 2483520
-4 907440
fi=(126)
696 1814880
fe=(69)
52 907440
fi=(126)
696 907440
fe=(69)
52 50530080
-6 95520
+6 9074400
-6 1910400
-2 95520
fi=(97)
-11 1393
cob=(3)
cfi=(101)
cfn=(496)
calls=199 -7 
* 168798
* 199
fe=(69)
265 1393
cfi=(70)
cfn=(526)
calls=199 1036 
* 12752101
+1 1393
cfi=(99)
cfn=(552)
calls=199 1054 
* 7025098
-13 597
+17 1
+1 2
fi=(97)
104 1
fe=(69)
270 1
+1 1
fi=(97)
104 1
fe=(69)
271 3
fi=(97)
104 1
fe=(69)
271 2
fi=(97)
104 1
cob=(3)
cfi=(114)
cfn=(558)
calls=1 -78 
* 1276
cob=(1)
cfi=(61)
cfn=(252)
calls=1 -70 
* 857
* 5
* 5
cob=(3)
cfi=(114)
cfn=(558)
calls=1 -78 
* 1966
* 1
fe=(69)
276 6
cfi=(70)
cfn=(586)
calls=1 414 
* 735
+1 6
cfi=(70)
cfn=(586)
calls=1 414 
* 603
+1 6
cfi=(70)
cfn=(586)
calls=1 414 
* 590
+1 6
cfi=(99)
cfn=(590)
calls=1 414 
* 592
+1 6
cfi=(99)
cfn=(590)
calls=1 414 
* 592
+1 6
cfi=(99)
cfn=(590)
calls=1 414 
* 606
+4 11

fn=(610)
289 5
+17 1
-17 3
+17 4
-17 3
+17 1
cfi=(70)
cfn=(288)
calls=1 951 
* 460435
+1 4
-1 1
+1 1
cfi=(70)
cfn=(412)
calls=1 165 
* 385298
+1 4
-1 1
+1 1
cfi=(70)
cfn=(412)
calls=1 165 
* 384967
* 1
+5 13
cfi=(99)
cfn=(470)
calls=1 56 
* 17
+1 2
+2 4
-2 4
+2 1
cfi=(99)
cfn=(472)
calls=1 36 
* 1862
+1 2
-3 1
+3 2
-1 1
+1 1
cfi=(99)
cfn=(472)
calls=1 36 
* 1733
+1 1
-1 1
+1 8
cfi=(99)
cfn=(472)
calls=1 36 
* 1873
+2 1
-2 1
+2 8
cfi=(99)
cfn=(472)
calls=1 36 
* 1744
+1 2
-1 1
+1 7
cfi=(99)
cfn=(472)
calls=1 36 
* 1873
+2 1
-2 1
+2 1
cfi=(99)
cfn=(490)
calls=1 540 
* 4
+2 2
-2 1
+2 2
23 18
+2 1200
+4 720
+2 240
-2 240
+2 480
-6 480
+4 13680
+2 4560
-2 4560
+2 9120
-6 9360
-2 481
294 1
+34 1
-34 5
fi=(97)
33 7
cob=(3)
cfi=(101)
cfn=(496)
calls=1 -7 
* 894
* 1
* 1386
cob=(3)
cfi=(101)
cfn=(496)
calls=198 -7 
* 170292
* 198
fe=(69)
331 1393
cfi=(70)
cfn=(514)
calls=199 999 
* 14909332
+1 796
23 3781
+2 238800
+4 143280
+2 47760
-2 47760
+2 95520
-6 95520
+4 2722320
+2 907440
-2 907440
+2 1814880
-6 1862640
-2 96316
334 1592
cfi=(110)
cfn=(520)
calls=199 17 
* 17538467
+5 398
fi=(111)
97 398
fe=(69)
339 398
fi=(111)
97 1592
fe=(69)
339 11542
cfi=(129)
cfn=(612)
calls=995 +79 
* 219708338
* 6965
cfi=(129)
cfn=(612)
calls=995 +79 
* 219668140
* 3980
fi=(111)
97 2985
fe=(69)
339 8159
+3 398
-3 199
+3 398
44 199
340 398
44 3781
+2 238800
+2 47760
fi=(126)
696 95520
fe=(69)
52 47760
fi=(126)
696 47760
fe=(69)
52 2483520
-4 907440
fi=(126)
696 1814880
fe=(69)
52 907440
fi=(126)
696 907440
fe=(69)
52 50530080
-6 95520
+6 9074400
-6 1910400
-2 95520
fi=(97)
-11 1393
cob=(3)
cfi=(101)
cfn=(496)
calls=199 -7 
* 169793
* 199
fe=(69)
344 995
-16 199
+16 398
cfi=(70)
cfn=(526)
calls=199 1036 
* 12767442
+1 199
fi=(145) /usr/include/x86_64-linux-gnu/bits/string3.h
51 1194
cob=(3)
cfi=(132)
cfn=(634)
calls=199 -26 
* 5737767
cob=(1)
cfi=(61)
cfn=(252)
calls=1 -17 
* 770
* 203
fe=(69)
328 398
+20 1
+1 2
fi=(97)
104 1
fe=(69)
348 1
+1 1
fi=(97)
104 1
fe=(69)
349 3
fi=(97)
104 1
fe=(69)
349 2
fi=(97)
104 1
cob=(3)
cfi=(114)
cfn=(558)
calls=1 -78 
* 396
* 1
* 5
cob=(3)
cfi=(114)
cfn=(558)
calls=1 -78 
* 2599
* 1
fe=(69)
354 6
cfi=(70)
cfn=(586)
calls=1 +60 
* 570
+1 6
cfi=(70)
cfn=(586)
calls=1 +59 
* 603
+1 6
cfi=(70)
cfn=(586)
calls=1 +58 
* 590
+1 6
cfi=(99)
cfn=(590)
calls=1 +57 
* 592
+1 6
cfi=(99)
cfn=(590)
calls=1 +56 
* 592
+1 10
cfi=(99)
cfn=(590)
calls=1 +55 
* 592
+2 10
cfi=(99)
cfn=(590)
calls=1 +53 
* 592
+1 10
cfi=(99)
cfn=(590)
calls=1 +52 
* 606
+4 11

fl=(110)
fn=(598)
68 5970
+4 1990
-4 17910
+4 1990
cfi=(99)
cfn=(490)
calls=1990 540 
* 7960
+2 1990
-2 1990
+2 1990
cfi=(99)
cfn=(490)
calls=1990 540 
* 7960
+1 1990
-1 1990
+1 1990
cfi=(99)
cfn=(490)
calls=1990 540 
* 7960
+1 1990
-1 1990
+1 1990
cfi=(99)
cfn=(490)
calls=1990 540 
* 7960
+1 1990
-1 1990
+1 1990
cfi=(99)
cfn=(490)
calls=1990 540 
* 7960
* 11940
+5 7960
+2 14328000
+4 9074400
fi=(126)
991 18148800
fe=(110)
94 18148800
-4 9074400
fi=(126)
1039 9074400
fe=(110)
88 9074400
+1 9074400
fi=(126)
1039 9074400
-48 9074400
+48 18148800
-48 9074400
+48 9074400
fe=(110)
89 9074400
+1 9074400
-1 9074400
+1 18148800
+4 9074400
cfi=(99)
cfn=(490)
calls=9074400 540 
* 36297600
-6 477600
fi=(126)
991 955200
fe=(110)
94 955200
-4 477600
fi=(126)
1039 477600
fe=(110)
88 477600
+1 477600
fi=(126)
1039 477600
-48 477600
+48 955200
-48 477600
+48 477600
fe=(110)
89 477600
+1 477600
-1 477600
+1 955200
+4 477600
cfi=(99)
cfn=(490)
calls=477600 540 
* 1910400
fi=(126)
1039 9552000
696 19104000
1039 38208000
1290 9552000
696 19104000
1039 9552000
-48 9552000
+48 9552000
1290 9552000
+18 9552000
991 9552000
1254 19104000
-6 9552000
991 9552000
1254 9552000
-6 9552000
991 9552000
1248 9552000
1039 9552000
1260 9552000
1039 9552000
1254 9552000
+6 9552000
+92 19104000
+12 9552000
1039 19104000
-24 19104000
+24 9552000
1290 9552000
1039 19104000
1290 9552000
+18 9552000
-54 9552000
+54 9552000
-54 9552000
-6 9552000
+6 9552000
-6 19104000
+12 9552000
-6 9552000
+6 9552000
1364 9552000
-12 9552000
1039 19104000
1290 9552000
-36 9552000
696 57312000
fe=(110)
84 29133600
-2 955200
+53 15920

fn=(520)
17 24079
+4 2189
-4 8756
+4 2189
cfi=(99)
cfn=(490)
calls=2189 540 
* 8756
+2 2189
-2 2189
+2 2189
cfi=(99)
cfn=(490)
calls=2189 540 
* 8756
+1 37213
+2 2101440
+4 525360
fi=(126)
1290 525360
+62 525360
fe=(110)
29 525360
fi=(126)
1352 525360
696 525360
1352 1050720
+12 525360
1039 1050720
1290 1050720
-36 525360
696 1050720
fe=(110)
26 1050720
+4 9981840
fi=(126)
1290 9981840
+62 9981840
fe=(110)
29 9981840
fi=(126)
1352 9981840
696 9981840
1352 19963680
+12 9981840
1039 19963680
1290 19963680
-36 9981840
696 19963680
fe=(110)
26 20489040
-2 1050720
+20 17512

fn=(596)
48 11
+4 1
-4 3
+4 1
cfi=(99)
cfn=(490)
calls=1 540 
* 4
+1 11
+2 720
+3 9600
fi=(126)
696 24000
fe=(110)
55 9840
-2 480
+10 8

fl=(60)
fn=(244)
0 11
cob=(3)
cfi=(63)
cfn=(258)
calls=1 133 
0 28179382829
cob=(1)
cfi=(61)
cfn=(252)
calls=1 34 
0 932
0 5

fn=(264)
0 16
cob=(2)
cfi=(14)
cfn=(266)
calls=1 0 
0 6
0 7
cfn=(270) 0x0000000000400c10
calls=1 0 
0 15
0 11

fn=(694) 0x0000000000400b80
0 8

fn=(270)
0 15

fn=(690)
0 5
cfn=(694)
calls=1 0 
0 8
0 3

fl=(99)
fn=(470)
56 3
-1 3
-2 3
+3 3
-17 9
-3 6
+1 6
+4 18

fn=(472)
36 105
+3 36
+2 12
-2 12
+2 36
468 12
cfn=(474)
calls=12 267 
* 22447
37 12
+4 3
-4 3
+4 9
468 3
cfn=(474)
calls=3 267 
* 5439

fn=(490)
540 28698993
+10 9566331

fn=(552)
1054 1592
-5 8756
+5 4776
+1 764160
+4 382080
fi=(126)
696 573120
fe=(99)
1055 382080
+4 7259520
fi=(126)
696 10889280
fe=(99)
1055 7450560
-1 382080
+9 2388

fn=(590)
414 2005
-1 2005
+1 8020
fi=(100) /usr/lib/gcc/x86_64-linux-gnu/4.8/include/mm_malloc.h
54 2005
cob=(3)
cfi=(71)
cfn=(462)
calls=2005 2919 
* 517605
* 2005
* 2005
fe=(99)
416 2005
fi=(100)
54 2005
cob=(3)
cfi=(71)
cfn=(462)
calls=2005 2919 
* 517924
* 2005
fe=(99)

fn=(474)
267 2005
+1 2005
-1 4010
+1 2005
-1 6015
+1 2005
fi=(100)
45 2005
fe=(99)
268 2005
-1 2005
+1 2005
-1 4010
+5 4010
-5 2005
fi=(100)
45 2005
fe=(99)
272 2005
fi=(100)
45 2005
cob=(3)
cfi=(71)
cfn=(480)
calls=2005 5013 
* 479315
cob=(1)
cfi=(61)
cfn=(252)
calls=1 -11 
* 910
* 2009
* 4010
+1 2005
fe=(99)
273 6015
+4 2005
-3 4010
+3 2005
-3 2005
fi=(100)
45 2005
fe=(99)
274 2005
fi=(100)
45 2005
fe=(99)
274 2005
+3 10025
fi=(100)
45 2005
cob=(3)
cfi=(71)
cfn=(480)
calls=2005 5013 
* 450285
* 2005
* 6015
+1 2005
fe=(99)
278 8020
+1 2005
+1 2005
-1 4010
+1 2005
-1 2005
+1 2439965
+3 18045

fl=(134)
fn=(638)
36 19104
+3 2388
-3 9552
+3 2388
-3 11940
+3 7164
cfi=(70)
cfn=(412)
calls=2388 165 
* 919421919
+1 23880
+2 1719360
+4 355614672
-4 355614672
+2 2017382400
+1 550195200
+1 183398400
-1 183398400
+3 11182128
-6 11755248
-2 1146240
+11 4776
+1 11940
-1 4776
+1 4776
-1 2388
cfi=(70)
cfn=(586)
calls=2388 414 
* 1256117

fn=(652)
67 35820
+1 7960
-1 3980
+1 1990
cfi=(70)
cfn=(412)
calls=1990 +97 
* 766124657
+2 21890
-38 7960
+40 1432800
+6 125388860
+10 689638730
+4 313472150
+1 62694430
-1 62694430
-4 991513270
+4 450687850
+1 90137570
-1 90137570
+1 13749180
+9 20623770
-70 13749180
+70 6874590
+4 27498360
+1 6874590
-1 6874590
-4 437872230
-70 291914820
+70 145957410
+4 583829640
+1 145957410
-1 145957410
+1 297501060
-35 297501060
+3 152832000
-1 152832000
+1 152832000
+2 152832000
-3 152832000
+3 152832000
+1 152832000
-1 152832000
+3 90137570
+1 186919920
+28 8162940
-37 8640540
-2 955200
+43 7960
+2 13930
-2 1990
cfi=(70)
cfn=(586)
calls=1990 414 
* 1046769
-18 145957410
+1 436667490
-12 55661860
+15 803160

fn=(650)
55 1
+1 2
-1 3
+1 6
+2 960
+2 960
+1 720
-3 480
+2 306240
+1 229680
-3 153360
-2 480
+8 4

totals: 28179488549
